0.9908147757750159 | 0.1537157000735949
0.9913666460030282 | 0.1660359108789855
0.9920965888776793 | 0.1754694642247852
0.9934031275952588 | 0.1822021310838973
0.9946197402127288 | 0.1855396112123325
0.9955505234103933 | 0.1854941431415315
0.9963989827322544 | 0.1828113444271077
0.9973326528036827 | 0.1783276989388530
0.9982866701612092 | 0.1725371961455087
0.9992146771836686 | 0.1661938397660991
0.9997952003409790 | 0.1593174538664611
0.9999616941058205 | 0.1513179755796426
0.9999897414607273 | 0.1428831573797889
0.9999998304707498 | 0.1357873647284005
0.9999718789816699 | 0.1307353739902316
0.9999062892854967 | 0.1277803651992614
0.9904695749511370 | 0.1551367629170651
0.9912733272649559 | 0.1688569594257558
0.9927118568777713 | 0.1803375261736741
0.9943563805188077 | 0.1888701159670901
0.9955414538614228 | 0.1935887711372233
0.9962866706037294 | 0.1946275126339125
0.9970126881430892 | 0.1930488380600228
0.9978558124421683 | 0.1896899191033207
0.9987430227926994 | 0.1850681812757648
0.9995094549865849 | 0.1796471841857683
0.9999135418631768 | 0.1733845604906415
0.9999978179262936 | 0.1659500120705386
0.9999951419272937 | 0.1581932319439988
0.9999680514226239 | 0.1515932758945321
0.9999064937989126 | 0.1469097472243083
0.9998233021550795 | 0.1443657719952537
0.9903858325333245 | 0.1554521033534196
0.9919589114028712 | 0.1708927942424195
0.9939701853622953 | 0.1841849495299036
0.9957579029670152 | 0.1942779707602864
0.9967600891495331 | 0.2001222831370301
0.9971843497708488 | 0.2019323739055056
0.9976415634667756 | 0.2011530108319237
0.9982975747837078 | 0.1987187580408924
0.9990385496004445 | 0.1950733615498677
0.9996488048130072 | 0.1904716802088851
0.9999535624283600 | 0.1849591965053123
0.9999985732825104 | 0.1784593368080979
0.9999706930512299 | 0.1717400830054667
0.9999262741585113 | 0.1660591405936797
0.9998546358637408 | 0.1622608493917470
0.9997475739039625 | 0.1607333254004840
0.9911819021687667 | 0.1558487829650199
0.9931407464336998 | 0.1724310880172461
0.9952364724675488 | 0.1868316671477608
0.9968135203573959 | 0.1978085601521091
0.9975520580637575 | 0.2043695856012991
0.9978225574456577 | 0.2069949344386131
0.9982061473258758 | 0.2072344190701998
0.9987461585409474 | 0.2057980482140495
0.9992801878916903 | 0.2028795507623764
0.9997227473941228 | 0.1988880729193158
0.9999678515460615 | 0.1942151287419803
0.9999900868433935 | 0.1890023655069835
0.9999383845224767 | 0.1836360647427834
0.9998839958317417 | 0.1792647725532538
0.9997727824180124 | 0.1770237317648738
0.9995882548177260 | 0.1771093625511716
0.9922320986887355 | 0.1563346649698260
0.9940065051273592 | 0.1731366630598581
0.9957918216522174 | 0.1877426117721840
0.9970170327507222 | 0.1988619506526481
0.9975904266456652 | 0.2058683266140496
0.9979823835537786 | 0.2096018826976021
0.9985149231234060 | 0.2111675742787560
0.9990450852089765 | 0.2108263880631754
0.9994147566001766 | 0.2085078517551814
0.9997050782730302 | 0.2048754795086405
0.9999431380635306 | 0.2010356768436583
0.9999953272406513 | 0.1972803848698679
0.9999313242229158 | 0.1936599768392206
0.9998417351306165 | 0.1911593190496630
0.9996554035173683 | 0.1909056898552107
0.9993827591182054 | 0.1928051334047789
0.9932610305824873 | 0.1571811740249844
0.9945687265416399 | 0.1734917883939388
0.9958222962406522 | 0.1875446342562451
0.9967282283977210 | 0.1984167512684556
0.9974075356388743 | 0.2060541731167574
0.9980813062639371 | 0.2110014572159178
0.9987420562137406 | 0.2136982153062187
0.9992560632766805 | 0.2142846471665520
0.9995131866737459 | 0.2125268177486192
0.9996881637565445 | 0.2093310448784994
0.9998999635306914 | 0.2062449858456073
0.9999998334817152 | 0.2038331176036497
0.9999464423032539 | 0.2020908608857325
0.9998119215401208 | 0.2017032638652297
0.9995751652437739 | 0.2033782141743978
0.9993168541466297 | 0.2068289031948094
0.9938956212515031 | 0.1583317903118469
0.9948249203088009 | 0.1738595107312933
0.9957411656811886 | 0.1872674536922639
0.9966219512028704 | 0.1981052878343799
0.9975448801447899 | 0.2064226206483987
0.9984120830170710 | 0.2122937715951128
0.9990856699870113 | 0.2158053508681282
0.9995339131494155 | 0.2171467816694224
0.9997484978926136 | 0.2162453654387023
0.9998576412534892 | 0.2138834385543510
0.9999608161544200 | 0.2115596054972826
0.9999971810518679 | 0.2102009679771813
0.9999010861869002 | 0.2101321981260773
0.9997081261580772 | 0.2115720288052615
0.9994648225883924 | 0.2147882556867118
0.9993037607209706 | 0.2194396997348469
0.9940143345108398 | 0.1598190746017840
0.9947542507192388 | 0.1744591357831400
0.9956653788168964 | 0.1873886791913955
0.9967021843602066 | 0.1982321229976414
0.9977924959840260 | 0.2069022641253695
0.9987364242828773 | 0.2133197773515524
0.9993827811382613 | 0.2174356115323867
0.9997753721602352 | 0.2195338783450096
0.9999651604824682 | 0.2199675830407826
0.9999990832078529 | 0.2190819279265550
0.9999624939291053 | 0.2177901506979334
0.9998710656109928 | 0.2172367355237806
0.9996997576314288 | 0.2182107018720612
0.9994873631905364 | 0.2208676272337709
0.9992995941065590 | 0.2252213424452181
0.9992061446872005 | 0.2310688635771303
0.9942184599609606 | 0.1624793791716762
0.9949650454845508 | 0.1762565511005302
0.9959643593332528 | 0.1886404651568497
0.9969886997561074 | 0.1990457380022493
0.9979321558975320 | 0.2072754668341086
0.9987966950832573 | 0.2135809737067825
0.9994805547929571 | 0.2181669547293698
0.9998835482461758 | 0.2210814263821373
0.9999987315572202 | 0.2226701024354836
0.9998652589761818 | 0.2233448683659637
0.9996583584037118 | 0.2234687414399642
0.9994955647057585 | 0.2239281586750775
0.9993771456051208 | 0.2255911341270856
0.9992792235867106 | 0.2289897667282399
0.9991849422419616 | 0.2343108640186760
0.9990731623775535 | 0.2414818603114846
0.9950927274232950 | 0.1670453450418695
0.9959796800758294 | 0.1800508619413710
0.9970010490490492 | 0.1917685863194409
0.9977876468641262 | 0.2013201445693558
0.9982753345361274 | 0.2083763040179826
0.9987942321683512 | 0.2137638519144383
0.9994333581676937 | 0.2182598615319311
0.9998880178450574 | 0.2217065097016509
0.9999965175783850 | 0.2239215295292123
0.9998239710211070 | 0.2255500753133334
0.9994909377196196 | 0.2271466958588191
0.9991956438466846 | 0.2291181661540311
0.9990879985260264 | 0.2318794081572760
0.9991018002324534 | 0.2360876634554588
0.9990714232392334 | 0.2423325586560349
0.9988972803493045 | 0.2507029472771140
0.9961303547953771 | 0.1727194728916563
0.9971030524967990 | 0.1848687564674694
0.9981423977849729 | 0.1959733730943717
0.9987602500143169 | 0.2047757252720894
0.9989582000092815 | 0.2108218294332078
0.9991089027466190 | 0.2151206381779950
0.9994741586884828 | 0.2188319994462919
0.9998497527251219 | 0.2219863628542622
0.9999971839219750 | 0.2242872676564088
0.9999146856202629 | 0.2265148059587673
0.9995782565675293 | 0.2294004921523047
0.9991454802592498 | 0.2329626570562476
0.9989449599101368 | 0.2370618732557657
0.9989451895828783 | 0.2423374054101369
0.9988421231115063 | 0.2497115097947732
0.9985300380140709 | 0.2591604504098680
0.9966665666452474 | 0.1780829633807385
0.9976025053364177 | 0.1890745631859059
0.9986818412107832 | 0.1995024540472608
0.9993263303575446 | 0.2079824391751615
0.9994885252961361 | 0.2135828999997668
0.9994900988251317 | 0.2171535832547267
0.9996116095365283 | 0.2200209279316326
0.9998352186033824 | 0.2225911074012586
0.9999778144255089 | 0.2248127014576682
0.9999699023574515 | 0.2275205271697455
0.9996824556974153 | 0.2313952874429190
0.9992237793399107 | 0.2360947627165658
0.9989862576303645 | 0.2412156188018444
0.9989517165422641 | 0.2474077963617909
0.9987325311114146 | 0.2557944241050856
0.9981655515405465 | 0.2663268660264440
0.9968119633466206 | 0.1826954266856725
0.9976482017468618 | 0.1923500865247381
0.9987030075291042 | 0.2017351902544812
0.9994224873582991 | 0.2097774757729884
0.9996573748036329 | 0.2153265688972293
0.9996915992389155 | 0.2188445846828192
0.9997584764346943 | 0.2215001325603881
0.9998775124826792 | 0.2237579670086050
0.9999704006870569 | 0.2258610903617278
0.9999878230113312 | 0.2288776970922092
0.9997269885873286 | 0.2335754157984453
0.9992553871183019 | 0.2391506512067579
0.9990631250334365 | 0.2448434026569135
0.9990964660425333 | 0.2514241505434495
0.9989349084212905 | 0.2601328646374827
0.9982865189530629 | 0.2712292459007719
0.9967527764352705 | 0.1862954790554751
0.9975262965183128 | 0.1947742050650918
0.9984464031556279 | 0.2028610069430966
0.9992248940841785 | 0.2101868304877923
0.9996149273036011 | 0.2158896760255195
0.9997666854222750 | 0.2199112709966182
0.9998668237202458 | 0.2229090671443349
0.9999288148495820 | 0.2250855883524577
0.9999702653681845 | 0.2270371282643789
0.9999979956815706 | 0.2301610564848142
0.9997914316058774 | 0.2354579978711464
0.9993025460271006 | 0.2418848236127590
0.9991064554028080 | 0.2481605210079529
0.9992135513946340 | 0.2549083231469789
0.9991986945107308 | 0.2634077846825328
0.9987390432342215 | 0.2742413299462062
0.9965295131146206 | 0.1884064104738780
0.9972603463356433 | 0.1959262483333212
0.9981237492110837 | 0.2030969910213921
0.9989937300943973 | 0.2099810254210448
0.9995612285343463 | 0.2159564448008154
0.9998130464619596 | 0.2204864691661823
0.9999241805353206 | 0.2238162212269169
0.9999631865251387 | 0.2261554534952013
0.9999772308097943 | 0.2281724136835699
0.9999999314584178 | 0.2314335988685525
0.9998621893807760 | 0.2369651453198300
0.9994660808160646 | 0.2437897487074739
0.9992785961171894 | 0.2505462358573385
0.9993573207167953 | 0.2576427614856595
0.9993833924665342 | 0.2660785570773060
0.9990912560611964 | 0.2764163601919023
0.9962127898381621 | 0.1886755335613151
0.9969756215887712 | 0.1956050703383259
0.9978761862028452 | 0.2023383875662817
0.9988804350073778 | 0.2092004989460557
0.9995445290009101 | 0.2153697172852921
0.9998200671434868 | 0.2200915558098079
0.9999280121585672 | 0.2236243373628285
0.9999704720677722 | 0.2263981364597467
0.9999878440223154 | 0.2290072478849908
0.9999981291901172 | 0.2327534976636494
0.9999103559530362 | 0.2381301654257866
0.9997328743735493 | 0.2445155423604154
0.9996359724376749 | 0.2514098919836945
0.9996089305284122 | 0.2591242325457115
0.9995582665137343 | 0.2678931681308358
0.9992823977084094 | 0.2780922876982929

