C = 0.5000000000000, H = 7.3019055315695
 668.2526604172307
 575.3306009590135
 481.6754042966684
 387.4359059046162
 295.5900625114426
 194.9979028114864
 100.8263139184300
 6.3710318435337
 -34.2632505050079
 -72.0630609095961
 -101.1753403900368
 -125.3232475868569
 -152.7406028238584
 -178.7436377435219
 -133.3234155080994
 -79.1076846873984
 -10.0000000000000
C = 0.5000000000000, H = 7.3122018644486
 669.9578806619635
 578.0657444345911
 485.9623253487548
 391.3508344346258
 296.6209457857722
 196.5611222681057
 101.8980993997761
 6.6698477134261
 -34.3681929333363
 -73.9028667967485
 -102.5043894572828
 -125.3871578917051
 -153.6212329407195
 -176.7036384470701
 -132.8275157074604
 -78.5826465606630
 -10.0000000000000
C = 0.5000000000000, H = 7.3208467196204
 672.5361789407931
 579.9820474182184
 488.8452104541705
 394.1250585310759
 298.2875655105390
 197.7452058055624
 100.7512652795091
 8.3333108124668
 -35.8403270147607
 -72.6516044376566
 -101.3740244219441
 -124.9774962656163
 -152.0229952091093
 -174.2154740302587
 -132.3729521427616
 -79.5202054177154
 -10.0000000000000
C = 0.5000000000000, H = 7.3352241396262
 681.4382308932705
 579.9781231658093
 489.7259857559351
 396.5446949947160
 300.3534984685417
 200.7179983797304
 104.7518544978990
 9.3886722259133
 -35.2960381962258
 -71.3803873754448
 -94.8824276865302
 -121.7652651284604
 -148.3530602705379
 -170.2276799337261
 -132.1395193349175
 -78.4933753848918
 -10.0000000000000
C = 0.5000000000000, H = 7.3441200654746
 675.1308568827700
 580.4552228958910
 490.7358496401677
 400.2078101024571
 305.8659296868751
 207.2114498304092
 111.5901543856912
 13.7610590437887
 -36.3724327697142
 -71.5141231751700
 -90.8746647406819
 -118.3882537262744
 -140.8858309078587
 -161.9123711403568
 -129.1785822942508
 -76.5966424588093
 -10.0000000000000
C = 0.5000000000000, H = 7.3399226421490
 670.6570840879804
 577.8927152583619
 485.5310677441512
 390.5794907513636
 296.2464148018162
 198.2770744121811
 102.1536766028000
 8.0792178061160
 -31.9941329697242
 -70.2057596834133
 -98.1335878308547
 -123.4379078129805
 -149.5335652609848
 -173.9476062946277
 -128.9984553427924
 -77.5041960466734
 -10.0000000000000
C = 0.5000000000000, H = 7.3648772774393
 673.7356174762427
 582.6578162442064
 491.2707920939916
 395.4905221197019
 299.1359037990595
 201.4768094997203
 105.5775010778445
 10.5562134502532
 -32.4918438566216
 -70.0968568646998
 -98.0644582078899
 -123.3801327301605
 -149.6630928196204
 -173.7484881663870
 -128.6010332200015
 -77.4555686083947
 -10.0000000000000
C = 0.5000000000000, H = 7.3720732206205
 677.6549882739375
 585.0350760623402
 493.9528755633394
 400.6983543326775
 303.4240761454083
 203.4250910823168
 105.0749360206939
 11.5646264131394
 -34.9712766682201
 -69.2314696697753
 -95.1806123740043
 -121.0824692439299
 -147.2215079850951
 -171.1764702564354
 -129.6214612001633
 -78.3920526184827
 -10.0000000000000
C = 0.5000000000000, H = 7.3857439047616
 695.9463946688309
 589.5271732004495
 496.3766515951684
 402.3772876570378
 307.4951643983213
 207.7872645661415
 111.0328964969350
 16.0411815783471
 -34.3277434586352
 -68.8679905093858
 -91.3042221853219
 -117.4805578160963
 -142.5839688527738
 -167.2939394560451
 -129.6770701863185
 -77.1262893731676
 -10.0000000000000
C = 0.5000000000000, H = 7.3799866610598
 693.1962210474554
 595.0010814964351
 501.2619268971382
 404.1122941886607
 310.1602442881768
 211.1263959522820
 115.9604678389771
 19.6592317835542
 -34.3681839930575
 -68.1163733574949
 -89.2269099599111
 -113.7712260443236
 -136.9082801166414
 -160.2499188696840
 -127.4657885456399
 -75.5533078891421
 -10.0000000000000
C = 0.5000000000000, H = 7.3393382680605
 669.5773633473989
 576.5468392194512
 485.6328539855457
 389.4172158209458
 293.1350293979654
 199.3556399796660
 100.4838020720397
 5.3749489866939
 -31.2320181581918
 -67.9439025177293
 -92.3327498054609
 -121.2911852574135
 -144.6135336825741
 -169.0614963987318
 -125.5182902328719
 -76.1674806738718
 -10.0000000000000
C = 0.5000000000000, H = 7.3779900909085
 676.6814457858180
 583.1556835323705
 490.9535335323428
 396.2880899658499
 298.3581030276621
 203.3563509596797
 104.4863580231457
 8.2813845155664
 -32.6724095110505
 -66.0377609769923
 -90.7192311483522
 -119.5504579498283
 -143.9754184900206
 -170.0061589628038
 -125.9885481124591
 -76.2158033618239
 -10.0000000000000
C = 0.5000000000000, H = 7.4015194339119
 694.3067980227908
 597.4659654528853
 496.2511318499013
 402.3508751026470
 304.1861203925018
 207.5723398726521
 108.0833643087917
 11.9855896570418
 -34.8697514931278
 -66.3172035153781
 -89.8091692091251
 -116.6728678914817
 -142.4427460218904
 -167.5826997255195
 -125.9583606784513
 -76.8589408004648
 -10.0000000000000
C = 0.5000000000000, H = 7.4066010912145
 690.3413107578177
 594.4570312058734
 497.4188706373366
 404.1800268869141
 310.7230303242401
 212.0946751763175
 115.1179656260584
 20.9044223442416
 -34.1757249304601
 -66.0103825379510
 -89.2140492699411
 -115.3397452281128
 -138.3956300465476
 -164.8821764461156
 -126.8560433681865
 -75.4858394210969
 -10.0000000000000
C = 0.5000000000000, H = 7.4182420198272
 692.4251211302886
 594.5657950513552
 502.4928021771584
 406.4452476670858
 314.6656526866761
 215.7267191051439
 121.1627007329203
 28.5371999403131
 -31.8209678002125
 -64.0059376397412
 -86.5028327602915
 -111.2833235519870
 -133.0696877563972
 -158.4469224524931
 -124.7269665036973
 -74.0262221551335
 -10.0000000000000
C = 0.5000000000000, H = 7.3434145719566
 668.6338668766398
 574.3579380870029
 482.9815959561028
 387.8830457951224
 292.7716567038909
 198.1787179950346
 103.5401736914483
 5.2180092233639
 -30.5314713651377
 -64.7820566547456
 -89.2947019692955
 -116.9683457535074
 -141.3395504538263
 -164.7950882639064
 -123.5763128011172
 -75.4615163176850
 -10.0000000000000
C = 0.5000000000000, H = 7.3939075844084
 683.1407478430110
 586.9141433568250
 490.5312497124168
 394.0392914833538
 298.0872106479191
 204.0156191260260
 106.8695643440120
 8.3541751646569
 -31.1778934736773
 -64.0100527370733
 -86.6112427878513
 -114.2817339205576
 -139.9139980148645
 -165.3840787086550
 -123.0155285854614
 -74.8426338088925
 -10.0000000000000
C = 0.5000000000000, H = 7.4321444389986
 692.9711399544071
 594.0720973546693
 502.1526398672534
 400.9998045040191
 307.2239020999585
 210.9704680184994
 111.7048058899806
 16.8868162510003
 -32.8211905772867
 -66.8265248413812
 -84.3862238953266
 -111.1957497206026
 -135.7948860657897
 -163.4887512621187
 -123.1325690617092
 -74.1649083292197
 -10.0000000000000
C = 0.5000000000000, H = 7.4348485019294
 686.8564663734940
 590.9410379725097
 499.7355638152583
 404.6604519817569
 313.8171971975625
 215.1653862171825
 119.6846559437056
 24.6067039557280
 -33.2234680945626
 -65.0319629601461
 -83.7385998922227
 -110.4063545374974
 -136.2417149142116
 -159.7539597724719
 -122.5651705038166
 -74.2575114871018
 -10.0000000000000
C = 0.5000000000000, H = 7.4293954926580
 689.4087545574057
 594.1806626141761
 502.8693892002167
 407.3866175727916
 317.6189852338147
 219.2078158337515
 127.1576905899720
 32.5549728696623
 -29.7914637632772
 -63.3263418920967
 -84.2379556796883
 -108.3900145685808
 -133.1189881005856
 -154.6995397115787
 -122.4452440360190
 -73.9340667643698
 -10.0000000000000
C = 0.5000000000000, H = 7.3743439058026
 674.8133808838528
 576.5915381753113
 483.8965883975301
 388.2999616214623
 292.9483157494711
 200.7443897506411
 105.2619974396158
 8.9657104579786
 -28.6796904642250
 -61.8700451302891
 -86.1373722502260
 -110.3553069954054
 -133.7036709911596
 -159.0396351070763
 -123.4890250826545
 -74.8930227797600
 -10.0000000000000
C = 0.5000000000000, H = 7.4191840356325
 678.8391539040076
 584.5211714051431
 491.7406714243028
 393.9438015444563
 297.9419239158889
 206.7455926273657
 109.7338719447343
 11.0671780557212
 -30.8036758735437
 -61.6391203960849
 -84.6104364932743
 -109.1372544407503
 -132.6850979146718
 -158.8173186466913
 -122.5983800903166
 -74.3059310631942
 -10.0000000000000
C = 0.5000000000000, H = 7.4522809387987
 684.0853805332646
 590.8286600612629
 498.4284652534159
 403.0194796881921
 306.6075917510830
 212.7403783353641
 117.0777152223446
 20.5887129460159
 -30.2160966422368
 -60.8480269217281
 -80.8411364262302
 -107.8619494325219
 -130.9624896325391
 -155.5105533226829
 -121.1281530974477
 -73.7361697246027
 -10.0000000000000
C = 0.5000000000000, H = 7.4456130649427
 687.9448362535246
 592.5874076290796
 501.6132608741338
 406.6700788324235
 314.2930010921256
 218.5495759337587
 122.5099083163359
 27.9064392481944
 -27.5776580796976
 -59.1210758638213
 -80.6361424974013
 -108.0794652032026
 -130.2772942685053
 -153.5510345137224
 -120.4332935409451
 -73.1403950563363
 -10.0000000000000
C = 0.5000000000000, H = 7.4629748110557
 692.3385011156253
 597.5779975123027
 506.3868938435475
 412.7660183036246
 320.8404597375990
 224.1251114473491
 130.4564377243911
 37.0571769277609
 -24.3933601348498
 -56.7676621015592
 -79.8589010410024
 -106.3895154526846
 -128.1970184385422
 -151.2001967085946
 -119.9187036901001
 -72.6013660966670
 -10.0000000000000

