0.2890439807856849
0.1261568846076453
0.7043013245897755
0.0061318369006771
-0.0857271905920358
-0.2724345489161841
0.2533883042433791
-0.1742629224847421
0.2027164472367192
-0.2979269001176939
-0.3798383302962322
0.2051195778884789
-0.1501767732229366
-0.5509844307133427
-0.7079130807499530
0.1402211312635433
0.2266884971769988
0.0289964298511534
0.6057363832888027
0.2007514693680192
0.0428686244884564
-0.1861829116306711
0.2653473604688800
0.1081752229274131
0.3002750986817083
-0.0358548611961020
-0.1155242694327107
0.4392589606309050
-0.1141593999057329
-0.3570578397196246
-0.5077178054576555
0.2429288698978698
-0.1459459941702842
-0.5232437783574502
-0.2978643515367889
0.3068705971473587
0.3141685437584738
-0.0911055929539571
-0.2037721932484364
0.4157814910925142
0.1308085742802145
0.4557426953106918
0.2995478939748634
0.1480530745922283
-0.0635551216955297
0.2173911247669617
-0.1441200777059007
-0.3181720530431138
-0.0230126207630111
-0.3804949176971401
-0.5179994084641895
0.0946406649657517
0.2786040123940460
-0.1153895172170394
-0.5535117294851795
0.1193228702775962
-0.4052369241482139
-0.1057312563897930
-0.3884721116758798
-0.3684437910554671
-0.5321843698881763
-0.2468241861699448
-0.6499302925446613
-0.5998424619585656

