0.2890439807856849
0.2027164472367192
0.0337264242856649
-0.2959629755859952
0.3663876396522650
0.2265676549780662
0.2467185649539374
-0.0008452828226433
0.0421858382549985
0.1932135014245884
0.0787387975085964
0.0136092132104565
-0.0301924373846219
0.3530702368890909
0.2008323646682945
-0.2213990909019026
0.2391276210845696
0.0537634810461386
0.0575423761862990
0.2668501561341412
-0.0566406024107595
-0.3011749724118639
0.2830330868750571
0.0687826465354485
0.2974344911526812
-0.1296780012542442
-0.0070572066186935
0.0146230882120194
-0.3676478052121341
-0.2266781836498839
0.0442186299440308
-0.3581614630432228
0.0055139342368600
-0.3627795760844580
-0.2178977123763861
0.0505256907156797
-0.3619769698189355
-0.0761894624657511
0.0486687216932563
0.2597696807348459
0.3411092398118986
0.2456005090556141
-0.4104197499348168
0.2556230083011423
-0.0522046442679536
-0.0240631804926047
-0.3087370785200930
0.0757134713895191
0.0340219291697520
0.3076168715645862
-0.1152037197703669
0.3069156687336582
-0.2354806652111390
-0.2245569142273054
-0.1149939004526226
0.2831450831811542
-0.2454891322558528
0.0182434461272830
-0.0178303574634161
-0.1932894510951703
-0.0834649474009856
-0.0581998463166813
-0.0821111426122816
-0.2946019168313447
0.1672953652264244
-0.0602318324028230
-0.2687203457081133
0.1715041012253123
-0.1778265122004413
0.0866508446768244
-0.0605180760345343
-0.3154383015618445
-0.0855153642381498
0.1495717987948655
0.2626197906473317
0.1444302933926236
-0.0580606204314836
-0.0281764501448796
0.0364846806611056
0.0762495936988854
0.3132484032543185
0.3227900331724565
0.2569674173363655
-0.3554695469307258
0.2397401361534476
0.0062248884405154
-0.0837175957043007
-0.2817211130257293
0.0722602180458402
0.1137028341702179
-0.2233398628891549
0.2797566300525096
-0.1821064774293999
0.1136753460379792
-0.2324654823540085
0.0825688131590652
0.1744315440283446
-0.2692494465423350
0.2973013318081949
-0.2655807724007855
-0.0718271741705269
-0.0686808912282450
-0.1953986152114486
0.0262678260257399
0.1889054878332711
-0.2707834617262796
0.1291673014607637
-0.0268252227739153
0.0754922118888851
0.0492579126606202
-0.0063049112159896
-0.0073692188102239
-0.1554387807103706
-0.0576373613745458
-0.1981172110277033
0.3174237748023357
-0.1462569993328903
-0.2634604865859300
0.2795700453947651
-0.2913517885169110
0.0579045538273172
-0.2776801365999967
-0.2220800862766487
0.1126993393216482
-0.0980127972026549
-0.1304813719968821
0.0486569335522883
0.0669945831674106
-0.1038179223171507
-0.0331525447566079
-0.2663685701732693
0.0350099648055050
0.1711581341273236
-0.1358860719284617
0.3254259194424258
-0.1841438012329296
0.1379924153780944
-0.1435512268073744
0.2551682458186096
0.0173638004157954
0.1840205935461420
-0.1215159146131408
0.2312198138817946
-0.0809977687211983
0.2738678352488739
-0.0998113034282871
-0.2617739352880897
0.2439270062642841
0.1152085796798809
0.2401413995784180
-0.1274040723749144
0.0360529747946241
-0.0354788895812839
-0.3230694711556009
-0.2577063173345151
0.0821548707483971
-0.4294120194173782
-0.0446700277544793
0.0084697624955835
0.3193707082646678
0.1955168574519706
-0.0448846623279587
-0.0796280330629330
-0.0230950713832094
0.0973478304548338
0.1697703873382663
0.0930707353646345
-0.3788951655154908
-0.1906343210002444
0.0724917683930926
-0.1896529673916494
0.0287926693663601
-0.2012830698854070
-0.2750101234043461
0.2700315224869722
0.2431379336198325
0.2366800280506062
0.0408917812159575
-0.3998177876693623
-0.2067932297789843
0.0324089705772532
-0.2194982601152562
0.0840012946766510
-0.2177339072398232
-0.2432124819586388
0.2520744725052670
0.2511825261223894
0.0527026455202929
0.0521133069337976
0.3076928600864859
-0.0655722226887424
-0.2575825591224004
-0.2733237453813325
-0.0760885532592497
-0.0666061623943294
-0.1916980249833278
-0.0078060106516731
0.2051121223032308
-0.2951376887438841
0.1314965439787025
-0.0027686706903816
0.0491552103217169
0.0323185731447997
0.0002846085258752
-0.0356345029328822
-0.2067352890483886
0.2194841132974849
-0.0934778742253932
-0.2651550374100893
0.0867539205753312
0.1073442755185685
-0.2911474768072541
-0.2465050785206844
-0.1649253616226716
-0.1289810653161581
0.1287216750577884
0.0579116528125705
0.3620814906968187
-0.1621168240609499
0.3029280282831361
-0.2385500548139149
-0.2095815322857605
-0.0636866700375839
0.2248051314615931
0.3765574407742071
-0.0883473558306229
0.1116981939511340
-0.0568596676163014
-0.2041102985621062
0.2210911076438781
-0.2219496605604441
0.0592497228539018
-0.0345943651892883
-0.3561479641540155
-0.0841906991845747
0.1811471865605455
0.2976567057571015
0.2146380844243526
-0.0551554784723302
-0.0657543694531014
-0.0170328170781069
-0.2923824205826557
0.2655181535696475
-0.1213731552443341
-0.2831945309571566
0.1286155051295147
-0.2442974665683818
-0.2511823756210098
-0.0782925745990415
0.3838506989894414
-0.3973078384193860
0.2869536442569314
-0.2297074381939082
0.2297594702189753
-0.0790704926701881
-0.2080131038724583
-0.1459459941702842
0.1308085742802145
-0.2903681112247186
0.1089087147294119
0.0891763203751728
-0.3147607976496739
-0.2186206739363984
-0.2086566044589926
-0.0980871921928328
0.1304170196907398
0.0780832541397504
0.3039554835901757
-0.1890450932689543
0.2855774574498825
-0.2372328400066315
-0.2471127925136754
0.1313991503834940
0.3474265526509227
-0.1411091117692696
-0.2974464597693660
0.2330153954216340
-0.2245124032796853
0.0977844264190747
-0.1310775907808374
-0.1702930871663281
0.0218596743576921
0.1792788654275239
-0.0484735958728570
0.3009507539119908
-0.2207140644314439
0.2867707365007667
-0.2447015281578105
-0.2459217388145376
0.1344440172016182
-0.2329438423321257
-0.2456291849524757
-0.0489920658605907
0.3916537863546881
-0.3993305694899194
0.2347754723769709
-0.2292157192474064
0.2170021069198248
-0.0413065497223994
-0.2525293973116792
0.0172294491749907
-0.2216802254289015
0.0751924477582599
0.0906407803648615
0.0318245243253987
0.0011482574029990
-0.0357715862211988
0.3037476025928123
0.2007344144516273
-0.2206535634216741
0.3359220871960316
-0.2616362647877885
-0.0606010716437766
-0.0104856526578371
-0.1394540600341774
0.0213349784921281
0.2086363136727807
-0.2335419736088831
0.1311356311379724
-0.0176274249690868
0.1428571309641361
-0.0601942963526980
0.4148074543787946
0.2704882393659590
0.2438803092756368
-0.2938535287963839
0.1182767172739376
-0.1369411791353672
-0.0603940454713129
-0.1670696349554528
0.3016124866572245
-0.1746333114286265
-0.3208774442561406
0.3010183900037819
-0.2952406301912309
0.0900900408090455
-0.3097971581243730
0.2739195854160880
-0.2611996829931429
0.0761761874429359
-0.2829291217002803
-0.2526845136487461
0.0824095062169520
-0.0790933992450376
-0.1998936855034803
-0.0058930783620519
0.0745846110279339
0.2862724983730617
-0.2720668814692398
0.0245170641246213
0.2598952869878411
0.0058423920819197
0.2786201374443503
-0.2839464159508476
-0.0725937314345078
-0.0137235500559919
-0.1325614323144815
-0.0057631438443151
0.2299031413104984
-0.2342773548477799
0.1071690931731251
0.0069931547707109
0.0615377291511513
0.0514171921398379
-0.0252047296728937
-0.0389752010039863
-0.2699151716345249
0.2829170848837264
0.0459617446162487
0.2826441112596000
-0.0547682655318847
-0.2954738074000580
0.2610567943284103
0.1092752822818175
0.2779468675494704
-0.1257487332396673
-0.0062129795733696
-0.0238909778155905
-0.3421873545229933
-0.1842838644765734
0.0471823627348666
-0.3743357637367755
-0.0318381957194565
0.0168984066371922
-0.0669661516463625
-0.2312955906162267
0.2330082227683369
-0.2426860546220184
0.0560522149146487
-0.0670671331634654
-0.3316530172208618
-0.0819372541987562
0.1680326137210996
0.3042642573988579
0.1973512429581805
0.0141783666721366
-0.0400940421731000
0.0426269589001143
0.1021716994179506
0.1697310787450590
-0.0055197900869625
0.1709569640981468
-0.2524439925799241
0.0760784020624829
-0.0418083923040472
0.0525055816435017
0.0098758596932219
-0.0700973966549648
0.0227029388184299
-0.2067332216653977
0.2381779120103596
-0.0794212826448705
0.3450831033768345
-0.3024856601146011
0.3466119696833582
-0.1041559107799184
-0.1573294996162163
0.1817862317633530
0.0860053206593266
-0.0927503519260961
0.2926900007184196
-0.1370633748442568
0.2874406360512967
-0.0750325623154370
0.1851057565686273
-0.4132601777106527
0.1287124267195462
0.3057440719607053
0.2491999390778296
0.3209364404750027
-0.1335955832754192
-0.0105291578401316
-0.0727217582742900
-0.2704258960143275
-0.1970674897637873
0.1031019057411018
0.1357476748200779
-0.0775464590129913
0.3567085842934369
0.3131256764565092
0.2572101316490204
-0.2599348636175334
0.1073663656810203
-0.1577267255929921
-0.0566265518824317
-0.1932104042334437
0.2762337320443891
-0.1324228928790588
0.0727767609435514
0.1111033456342383
-0.2488289021875282
-0.3249792997841096
0.0322245989913903
0.3260532643487403
-0.2446913189696465
0.2183916526701583
0.3073495769837387
-0.1447714969846652
0.0989505635643990
-0.3000051668052993
0.3309714973973719
0.0581831127775688
-0.0908324878918203
-0.0326073423402905
0.2532133706439966
-0.0281798643661461
0.2109870228420578
-0.1272298871921276
0.2510028145971208
-0.0580558650720262
0.1310391645510257
0.3085622289750746
-0.1825659052306744
-0.3097557651280847
0.2623686180691692
-0.2668257773175466
0.1340998059137727
-0.0728113159454032
-0.1464514266532162
0.0278545420979990
-0.2918990131825798
0.0182947004129657
-0.2923977573469905
-0.1985493207752812
0.1030304698017086
-0.1189549545851469
-0.1394872883615224
-0.0038952288837490
0.0722797741178203
0.3016705845399960
-0.2685825849393698
0.0648660295244696
0.2524830486297031
-0.0045656435509646
-0.1356169164540445
0.3848868481916116
-0.0601044458380262
0.1584661654391804
-0.4073327042713884
0.1081981883635200
0.3631932656580762
0.1982016102711794
0.3184976461182729
-0.1543990468478495
-0.0147886979128899
-0.2848089921436016
-0.0080991983529750
-0.2458030764188565
-0.3309851297218170
-0.0886000908686506
0.3399173698504243
0.2484194417087292
0.0551915633934931
-0.2485743011363478
-0.2571442582819871
0.2252114242813588
0.2276708419354752
0.0542373927182229
0.0437226189714024
0.3029995306284273
-0.0746505943696393
-0.3075343527654295
0.2359204281213526
0.0590061894055543
0.2603058987926076
-0.1702399022043177
0.0390967979326998
0.0091395059590972
0.1806553078635695
-0.2875040930803622
0.0900768202458126
0.0027963078358698
0.0256600327662028
0.0117912182170493
-0.0550163601945955
-0.0165870103995406
-0.2054193767596353
0.2821348911355281
-0.1084170142828674
0.2998428004417691
-0.3296509909652043
0.3941174163659703
-0.0644668331985226
0.1477580006506424
-0.1286353784846462
-0.3045300449138562
0.2923965073474803
-0.2557387206600336
0.1171399298903859
-0.1167366093587373
-0.1555983093128089
-0.0039688166416619
0.2314857985551770
-0.1062515401497416
0.3066911616743953
-0.1832223796379783
0.2230558282781532
-0.2442740597492884
0.0646658988943264
-0.3805860663120102
-0.2621430311985299
0.3443674897779241
0.1862544313336791
0.2333663867660042
0.0082744055136108
0.0256768113153610
0.2200321414329378
0.0885476923233717
0.0456528722561050
-0.0654224047766856
0.3427461874397567
0.2223538070001022
-0.2419098106602294
0.3329370680878596
-0.2577583244767959
-0.0564920686912522
-0.0411146784540020
-0.1703189741245529
-0.0775424087784239
-0.0459642532650482
-0.0657428782668198
-0.2450219924760393
-0.2189123060883990
0.0800348600334080
0.1712325006547821
-0.0672350734327178
0.3669388484312041
0.2850163586613158
0.2507948706737620
-0.2588821463408643
0.1195617444598539
-0.1956125910691996
0.3390566445745656
0.2273542818569035
0.0451484202622731
-0.2925948539861450
0.3605428561196892
0.2208621738515004
0.2602096470845781
-0.0048573352486772
0.0621196881543719
0.2349609472911480
0.0714249831541671
-0.0031006985684406
-0.0155438679808922
0.2969197423962161
0.1967782288148002
-0.2852474480686007
0.2280476284829516
0.0841130979665737
0.0918318900055083
0.2535439216818340
-0.0488894629355927
-0.2446843888827244
0.2701075704103639
0.1141144884862528
0.2749045199174531
-0.1237112434929734
0.0255143654999807
-0.0393163451711330
-0.3751529742285244
-0.1987536708445663
0.1023268707572387
-0.3789398635041277
-0.0151737431541994
-0.3567009812588327
-0.2569816374492295
0.1025120526872252
-0.4142124592010322
-0.1033583347955699
0.0200027943146022
0.2846570436873579
0.3154679440204938
0.2490353924274843
-0.3557277663466740
0.2534054670203447
0.0108491886094569
-0.0260911040677035
-0.2805596804525766
0.0754515244912818
0.0991224389615280
0.3637302801021687
-0.1660883598184916
0.3033387802518805
-0.2415589184710297
-0.2191509576486869
-0.0647134430241708
0.2547224629912779
-0.2619942054982718
-0.0040330821738010
-0.0512709344676019
-0.2060883359603447
-0.0594236524591731
-0.0548216432890403
-0.0446132996153791
-0.2533459415030157
0.1710752465411894
-0.0543394033516971
-0.2144810897215874
0.2128766267439767
-0.1754106999243358
0.0640530327145469
-0.1034045685872960
-0.3797384319087699
-0.0373268645297722
0.1890457054128500
0.2920353791319596
0.2100169456294445
-0.0462932850090388
-0.0690930568604292
-0.0082209465686811
0.0615672059678158
0.3205963787032483
0.3228358671923841
0.1975170835863299
-0.3535200471059526
0.2797066005078238
-0.0216209401522066
-0.0777182656522616
-0.2893475085345518
0.1100237204400661
0.1005630220600573
-0.2458022510442901
0.2218249246935349
-0.1465300923418954
0.0978431441145875
-0.2665992265150581
0.1466019197095315
0.2114956657331938
-0.2544172807631427
0.2949457958923375
-0.2364254679122182
-0.1145954110215366
-0.0485175082275922
-0.1917927342921597
-0.0040299503336311
0.2169315563904171
-0.2406276485428996
0.1031783292532444
-0.0255013143682530
0.0419151942797283
0.0492342226870683
-0.0475501839546104
-0.0143832045084032
-0.1949885178717200
-0.0835998409807774
-0.1531480796763610
0.3450051544273660
-0.1827619892085031
-0.2727145446812469
0.3285720254623759
-0.2915885905008889
0.0598264737835283
-0.2607321877557272
-0.2422592778490448
0.0690252382134373
-0.0796673386529339
-0.1933263323135067
0.0161700780391502
0.0429642434233823
-0.0979718139077017
-0.0286059936507682
-0.2676635596684955
0.0314461113909897
0.1727206439823314
-0.1997897939774546
0.2841897804869953
-0.1713579367124618
0.1604393344156713
-0.0989756881562380
0.2422207378372714
-0.0159395847593355
0.1761693607921546
-0.1163200995494948
0.2852213598916815
-0.0399467006856180
0.2986264514019932
-0.1094315975689706
-0.2900824051215216
0.2564585674295167
0.1279255155454225
0.2288951851266153
-0.1312924611533542
0.0452859181643318
-0.0034814386522668
-0.3673806531594453
-0.2088676505142403
0.0520318224223131
-0.3897885892132419
-0.1081682348086304
0.0066329064641147
0.2656421530701140
0.1845626379664677
-0.0165840429740564
-0.0333153921281368
-0.0134890796442996
0.0789008216224220
0.2076663318046685
0.0378170654955449
-0.3961169738070125
-0.1610338998288185
0.0461552516559900
-0.1858289388539110
0.0831463769462602
-0.2016782966412642
-0.2473324029125045
0.2592313276930641
0.2248663913259757
-0.0915407376764675
-0.3131932424854166
-0.0439083656137962
0.1696213176284228
0.2833821941090231
0.1919366105249187
-0.0185264459283469
-0.0767209089824098
-0.0178602392522811
0.1219441982690818
0.1791050585805904
0.0284435653935089
-0.3775301038185054
-0.1909369325281719
0.0184832248681558
-0.1936163896074526
0.2527936897257241
-0.2485035916806604
0.0938807316172173
-0.3511933754050941
0.3076481008270617
-0.1874946599251301
0.1263064549637797
0.2342938647226813
0.0201396212562325
-0.1180073662819722
0.2454475602480201
0.0734611633426691
-0.0815853569259282
0.2437212323452693
-0.1837334322729109
0.2539790323234222
0.0111030806342058
0.0760883131240208
0.2667850833515779
-0.2772606770825581
0.0245478474838309
0.2562427149146261
0.0598990270267284
-0.0720305271650089
0.3981165020617747
-0.0420997840525277
-0.3506075883835653
0.2970046341606098
-0.0872314114364656
-0.2626446980294563
0.1087401852407354
-0.2067310675602897
0.2369376072745669
-0.1278166206723199
0.3376633206401783
-0.2902223096894972
0.3523853777633477
-0.0473147275638177
0.1446166284643664
-0.0692316299308505
-0.2611118350124204
0.1747940374897585
-0.1984826600130489
0.0272762072988976
-0.0837099234221981
-0.3303491014374726
-0.0418826161943616
0.1981693396403601
0.0129559574350209
-0.2784005057377854
-0.0288768278766265
-0.1960157471979129
-0.3159446621890178
-0.0782232855221120
0.3149041805512764
0.2509238979034549
0.0074924775774652
-0.2680333554808916
0.3630396577320384
0.2067585460615262
0.2214307855527365
0.0486102131991092
0.0426717252852748
0.2048964527830410
-0.2727961212273045
-0.0547017064091504
0.3520689893922632
-0.3813616061610957
0.2440099171544541
-0.2102209183426909
0.2153242491948856
-0.0913782162815209
-0.1947071263599130
0.0693319690900969
-0.2166140345541419
0.0202862481557350
0.0734858643319808
0.0323334517898601
0.0172238773373478
-0.1824963693331417
0.0293992438773820
0.0393902021411234
-0.1634040103323664
0.0667699582749854
-0.0281368498958596
-0.0802884613861777
-0.1969324793507459
-0.0899917122177493
-0.0392159435216426
0.1250811067577495
-0.2488579420437830
0.0915124890175380
0.1044302706386746
-0.2219008054597651
-0.3147114326055409
0.0154152998739647
-0.3151787256893933
0.0240023374584294
0.3103297541902773
-0.2338869103560846
0.2361892905083253
0.2734146164234388
-0.1802936308494957
0.1006492059249876
-0.2862092950919753
0.3178184990480959
0.0510070114687422
-0.1189220507674976
-0.0846504885788059
-0.2810465783594105
0.0217308742414772
0.1410671139175964
-0.1040363728290372
-0.0060493604065865
0.2740389539250762
0.3313661649421197
0.2445401630991011
-0.3561472313263969
0.2895185178893848
-0.0054198485853236
-0.0237787623918536
-0.2490262519564531
0.1484754528331064
0.0667752278790580
-0.2292472302267857
0.2779080972278409
-0.1198679576828453
0.1235213762892200
-0.2567303887925039
0.0834832964499966
0.0988307621891952
-0.2426606889537160
-0.3311603436403785
-0.0294871920897585
0.3463289012831056
-0.2475095427928551
0.2054469365535630
0.2830874658081283
-0.1683044225190764
0.1027404614261619
-0.2902380101885376
0.2993495334406575
-0.0098734379342282
-0.0646822594037940
0.2816525673334900
-0.2855915648163572
0.0680849565177372
-0.2360938846862383
-0.2425016883087230
0.0451189555565886
-0.1031438387710321
-0.1421214370695816
-0.0079368171799146
0.0147876543343052
0.2972166956342619
-0.2482103847715427
0.0542580195114332
0.2373092313015942
0.0213874847421511
-0.1373412247287864
-0.0132991879940965
0.2765409832558221
0.3669343373372177
0.2520781979690553
-0.3426869624306921
0.2332667802777939
0.0013857049740909
-0.0106424206729585
-0.2712226958961913
0.1377023862415088
0.0840233639594437
-0.1860205116312780
0.2577413428379856
-0.1868692001287505
0.0941602001868473
-0.2342304218759931
-0.2374775861168318
-0.3556373955886504
-0.0427690173776281
0.2950133255403273
0.2105062654181338
0.0467791520503226
-0.2457955993115654
0.3956554900165047
0.1950490566660527
0.2149047335438471
0.0263441726388006
0.0819434566399133
0.1683154061433458
0.0836083201239511
0.0584076380765086
-0.0246189488910868
-0.0530506537121952
0.1211556828092480
-0.2041836571211997
0.0220942257805748
0.0756565916040951
-0.2222156194134846
-0.3350168212398639
-0.0018555983160555
0.3241603581415470
-0.2453881109870915
0.2273912288988112
0.3119673323922371
-0.1463630744299903
0.1586883689754941
-0.2414941820381029
0.2717152305776297
-0.3676202592565902
-0.2574882252244678
0.1050435583652781
-0.4085628021877956
-0.0959851245118973
0.0276481154313529
0.2774028326622414
0.3182227074758544
0.2520551784237192
-0.3524969815130564
0.2548608006076759
0.0096323284975767
-0.0362433529689764
-0.2762949599559770
0.0815836661207829
0.0486372642290083
-0.2507053667667747
-0.2149330500372354
-0.1272276665795207
0.0906112920826584
0.1044468647277535
0.3490187683074454
-0.1483448119124483
0.2996506078209111
-0.1867707076879617
-0.2721059538821620
-0.0678797382829348
0.2302704604586603
-0.2522628813216618
0.0458720659190281
-0.0044126788223267
-0.1537652948776114
-0.2452665187958701
0.0781631987006143
-0.2627772848494492
-0.2209756939209518
0.0540624852950077
-0.1246419817777336
-0.1975089281229282
0.0201432451881756
0.0128663182847811
0.3133321766533518
-0.2586118219327530
0.0614889313905149
0.2932063200947292
0.0507226957969653
-0.1286270824297784
0.4113981156946844
-0.0790713522464883
0.1909342742256759
-0.3792355863355137
0.1324047545918514
0.3535730672386042
0.2189604552417688
0.3015995625464035
-0.1391943464152537
0.0196393656314495
-0.2363590594957300
-0.0470622330415204
-0.2566420862074905
-0.3255471151460889
-0.0537503184112249
0.3064646146336316
0.2002974181520354
-0.2390215936489338
-0.0183102263545752
-0.2549269948235296
-0.3238189730108622
-0.0965744255316766
0.3206810809459096
0.1905565509438176
0.0162884864291075
-0.2824891617823859
0.4114563674823845
0.2107079122619583
0.2011609847534990
0.0210360614759355
0.0589570455730665
0.1750041502140146
0.0834304693900689
0.2197020310804622
-0.0568731919796117
0.2696171501639796
-0.2252551825939396
0.2240266212008419
-0.3104081001942303
0.0592951510326171
-0.3560617479898346
0.3319863672311921
-0.1718697827431137
0.1813589279903549
0.1772959670404785
0.0267800118318854
-0.1067505125630063
0.2171281203491428
0.0979743289499281
-0.1926841729173356
0.0721990317104313
0.1955719562330374
-0.0634778407228312
0.4071581377902646
0.2993257107326851
0.2427077088067520
-0.2631884010551264
0.0589560068990155
-0.1804773163653636
-0.0680235044056358
-0.1701252731949642
0.3271675048144399
-0.1841287475327898
-0.2539025287909955
0.3168634192119755
-0.1181966521625589
0.2572985162962993
-0.1030386636002341
0.1409863094838595
0.3210761806784705
-0.1229215079874344
-0.3078782085056023
0.2957129389443949
-0.2160158872025010
0.0807584808095363
-0.0874752816772742
-0.1971887229979297
0.0259455260161890
0.1674368241703291
-0.0504869820287887
0.2773227140633019
-0.0433951964835335
-0.1021833264557322
0.2165909445870310
0.1283186633170036
-0.0943368512937513
0.2472075460371455
-0.1278883013047295
0.2440512630835775
-0.0938015337324696
0.1405334804170540
-0.3712926652206378
0.0851867636974549
0.3085718608251984
0.2436867610729252
0.3132329981293922
-0.1809021920785784
-0.0540343882796320
-0.3122896944285292
0.2695139334202747
0.1148213241902325
0.2407311634897417
-0.1481580261559082
0.0047946128031540
-0.0448220988076662
-0.3574618711134576
-0.2086127651957420
0.0475735725269297
-0.3936569981994292
-0.0702225520127074
0.0350306528194091
0.2558677062348225
0.3480836428799310
-0.1247520970959769
0.0913977761502679
0.0481383249256261
0.3232899284984732
-0.1446032553885526
0.2921923375803803
-0.2320013727871323
-0.2820858912643848
-0.0928540349493401
0.2847111340673781
-0.2947848472534058
-0.0122529829542476
-0.0044606442961075
-0.1562068379026084
-0.0642557508372230
-0.0438422242032748
0.0823147527804776
0.0321542977977962
0.2549439488737013
-0.0513061112129831
-0.2605182429484358
0.2305081144251622
0.0993619961636747
0.2949805135966386
-0.1799128559312592
0.0202483412610704
-0.0151497937652629
-0.3672405420859491
-0.2366610277123379
0.0854865013696057
-0.4307663307580590
-0.0819387030065691
-0.0520029898033856
0.3456718197134155
0.1941999030819471
0.0166031888671985
-0.2681218958037572
0.4096707962494825
0.1966899400822686
0.2417597035526663
0.0571415015653944
0.0458661613607938
0.1774866956326360
0.0841113965113518
-0.0065586467347587
-0.0243885341796305
0.2884086205338249
0.1714625050021609
-0.2051352793463852
-0.0056289021716986
0.1790055347264917
-0.2583596817080346
0.1163049276350673
-0.0342251313842910
0.0108897896586988
0.0098856454275165
-0.0051951713338812
-0.0383963040544902
-0.2669309799234290
0.2758668292145171
-0.0977757775300567
0.3246553382980071
-0.3330358193401642
0.3619464919855022
0.2410537480089289
0.3010863355450740
-0.1562587662203444
0.1394771481923107
-0.2447701740789333
0.2752294596682212
0.0218344230400553
-0.1174282325881500
-0.0489457489153288
-0.2784644957246656
-0.0271349627247121
0.1959999971699161
-0.1589291254021760
0.3208642408348137
-0.1803105929600011
0.1291665968214365
0.0487841424004940
-0.2529605818416737
0.0718242958676370
-0.2442718038502561
-0.2696328398844724
0.2674942114788970
0.2474770512749164
0.0300597289529131
0.0587161666699577
0.3019769144712561
-0.0983063112291403
-0.2624345638245704
0.2532125189983325
0.0553513824960331
0.2506543078544958
-0.1353727365574586
-0.1934512198620725
-0.3520659760262017
0.0422404015510879
0.3466819756745750
-0.2655794857322861
0.1759771635415893
0.2505486290344782
-0.1689675406243540
0.1364888368140353
-0.2377262480929671
0.2852812287843864
-0.0088950648551478
-0.1117356347974335
-0.0276510001515343
-0.3106853428796129
-0.0373928803755744
-0.3208987567699207
-0.1961216172938903
-0.1851324681677023
-0.1551786745939890
0.0960987421806714
0.0501084625743029
0.3281348434314419
-0.1757654494289990
0.3076940886702861
-0.1808682180453398
-0.2133034585807940
-0.0705120976143349
0.2759654308305648
-0.2394458093292186
0.0540494841055330
-0.0248685441534960
-0.1495034849059843
-0.0061116669609525
0.1874613957703990
-0.0942196066427544
0.3143636675450362
-0.2505670873559526
0.2756385706680903
-0.2298070903517622
0.0980060439761046
-0.4148526757267087
0.3163280893005889
-0.1781477983412784
0.1715783578528800
0.1745566578286029
-0.0081418531169591
-0.1421044015279450
0.2782639100847238
-0.2044645603244984
-0.2268867096155702
-0.1136409228243564
0.2331235984373821
-0.2600236441266319
-0.0028484011527499
-0.0251550739767691
-0.1293008544274147
-0.0645925278261745
0.0106216991311283
-0.0561150095216114
-0.2409355575234963
-0.2243576949302180
0.0913892744757395
0.1697767877956283
0.0444720463352340
-0.2235937529698555
-0.1900177337169019
0.0973529590746752
-0.1002680269078713
-0.1532210190279737
0.0303460677352719
0.0185412607517457
0.2637781605199565
-0.2888228370531122
0.0564503833679497
0.2708819001865649
0.0001660455323339
-0.0681866618399249
0.3988390597843330
-0.0027509238264337
0.1290583538389003
-0.0136568610724526
0.0223570627316015
-0.1436683332528800
0.1014646774247266
0.0396014197632628
-0.0980340696356202
-0.1488154176616251
-0.0376059364135526
-0.0523149191704130
0.1364042463849885
-0.2171099600480340
0.0931092895629120
0.1010572976118441
-0.2418741373295306
-0.3816356441875686
-0.2435824044030257
-0.0460778254595371
0.2348198249778368
-0.2805625894080034
0.0037015836518627
-0.0395643401342793
-0.1663684906683425
-0.0285715473461280
-0.0122310374273161
-0.0876288438025271
-0.2648049848652463
-0.1902391985827391
0.0676955290661551
0.1660215221797166
-0.0672973502835696
0.4000310780215968
-0.0633701064011633
-0.1611650311105713
-0.0175529943622700
0.0233195742450883
0.2593031131489563
-0.2722100906106601
0.0721526630949247
0.2423272517045596
0.0118170445763248
-0.1382639825611710
0.3856099950861982
0.0298284710369092
-0.2859068697497379
0.2745614736925162
-0.1345752815971415
-0.3039665771857740
0.0599117400454672
0.0761898731474719
0.1831315716651793
0.0394952771049347
0.0473932384526884
-0.0176799167262588
0.3223930553415904
0.1572272678307712
-0.2488331900329806
0.3073000008014242
-0.2492364190885809
-0.1126824893144523
-0.0611745240787317
-0.1651128229764501
-0.0059855043534748
0.1953722834609893
0.0236733268370816
-0.2005106369081721
-0.2664472202365668
0.2217963527074509
0.2334487718052424
0.0602056108371285
0.0198242262662726
0.3064166655844761
-0.0502067965749451
-0.2852020739665697
0.3031089881095879
0.1019910820911711
0.2673944403194249
-0.1797736050794936
-0.0078268651878842
-0.0390239327839611
0.2083501618040273
-0.2929551887607751
0.0652642344079399
-0.0419120869229931
0.0385117414849726
0.0002551656332777
-0.0044180840543697
0.0149365351238907
-0.1998222770900689
0.2583725995043574
-0.0951059301462652
0.3708595821786146
-0.2713574867894924
0.3677819548998466
-0.0782366633571383
0.1563612311626276
-0.1487492055846639
-0.2761299832733932
0.2480990480698510
-0.2854737976713405
0.1398439957930530
-0.1194427275386573
-0.2036188361125550
0.0247573101515853
0.2030633137140411
-0.1158200332516235
0.3086735524664962
-0.1867256477665243
0.2458528559504988
-0.2316776646179813
0.1132286929229506
-0.3831418857568091
-0.2647855283927244
0.3877903516360156
0.2295992189954295
0.1921604982650564
0.0228639440748321
0.0178608108291571
0.2147913552120418
0.0739554095826679
-0.0178062023612618
-0.0017863040959357
0.3281874587681971
0.1890792881524505
-0.2832045561616480
0.2742874286619235
-0.2538305033296493
-0.1145725654660876
0.0068896445870895
-0.1294514985874593
-0.0494811074203767
0.0008148680662701
-0.0656302875916946
-0.2360873585339406
-0.2205097181151441
0.0536469794490153
0.1373901028794258
-0.0632916915302814
0.4115005102889528
0.3036596914818571
0.2569622627444046
-0.2907912654433298
0.0833868264806481
-0.1867213477260030
0.2947766661415859
0.2225611759324581
0.0169321318215987
-0.2918747594154636
0.3609181181571930
0.2397849393091738
0.1934179399660028
0.0231090570913276
0.0359599073006718
0.2214754560174726
0.0376089758983085
0.0231381542697402
-0.0422484852399293
0.3365813752703481
0.1836194514501009
-0.2480931277195386
0.1883483638584745
0.0836003566816352
0.0315761992842024
0.3075365496821709
-0.0471500454524887
-0.2692199523063399
0.2682419777018781
0.0937489100759342
0.2707968419268673
-0.1779537619650269
-0.0162537531187501
0.0130620497750900
-0.3605300265580950
-0.2602085602549128
0.0834118778000964
-0.3953747523258415
0.0052301107395443
-0.3123925484644405
-0.2497862756789699
0.0921860078570262
-0.3707742395631869
-0.0947933589451756
0.0203604405051674
0.2845425920939837
0.3193739212114134
0.2074148493444528
-0.3674509609863890
0.2280125364583200
-0.0305621277802574
-0.0485171772046251
-0.2583757112019598
0.0769809265694452
0.0599473898016291
0.3297161697629288
-0.1175843264820474
0.2781871191731365
-0.2406746015841839
-0.2791733112115606
-0.1094933321048458
0.2475560730816053
-0.2899934978436121
0.0410287389546385
0.0022941376585756
-0.1392902090717449
-0.0442789892820704
-0.0005642707905068
-0.0425765558919309
-0.2290466036461501
0.2468755598527574
-0.2302484816241074
0.1011923132912243
-0.2033920633344382
-0.0831488466158742
-0.1541053110941772
0.3357582035206256
-0.1202215360391589
-0.2730763750320295
0.3161656448200200
-0.2605771479317537
0.0552816359276741
-0.2524370935737548
-0.2169483789817610
0.1181325073341993
-0.0601881437773142
-0.2673439869592174
0.2742753262801012
0.2521974189055458
0.0913359971613307
0.0606644771450212
0.3080903932676580
-0.0382014923217293
-0.2481867766658326
0.2589142742450417
0.0814806298749169
0.3033211583611632
-0.1144989718702553
0.0128688627785067
-0.0168274054973820
-0.3034793105289495
-0.2500601358248424
0.0177512023513015
0.1905666680905358
0.0538825403092132
0.0581786036422407
-0.0606869624193529
0.3484589882582236
0.2182962294870143
-0.2455833574749097
0.2806404141407869
-0.2436036986299061
-0.1181482999587751
-0.0410304364556451
-0.1992649682868943
0.0111260933133382
0.1846673590588206
-0.2356133388735219
0.2076421294643935
-0.1500438689764454
0.2957405155377983
-0.0786440642647300
0.1655207959787943
0.3070931608932388
-0.1571449295553348
-0.2515971214616819
0.2292037997947556
-0.2487588184027388
0.0813779190445647
-0.0823829801439850
-0.1966759933471024
-0.0095734590104977
0.2233601220375635
-0.0551518353185658
-0.3509860041578824
0.2899364084649000
-0.2030390508240135
0.2325510258675217
-0.0145966024325691
-0.1948712191659841
0.0460903142146972
-0.2249356459316489
0.0840755364977656
0.1486152416872049
0.0163092267128391
0.0293166196755050
-0.1281048235920103
0.0673224009767810
0.0037443368813497
-0.1230008865568405
0.2865911075357003
-0.2486651700636622
0.2496651103783526
0.2797293203010268
-0.1796666354072920
0.1492765295652780
-0.2814546009269281
0.3181327749205489
0.0025246307109211
-0.1038572823921632
-0.0679409177122864
-0.2503908434429034
-0.0143469113153060
0.1443590444276182
-0.1630599485157812
0.3340817671580981
-0.2227685412856063
0.0912901649902269
-0.2150450716037047
0.0547558932620003
-0.2595032853709276
-0.2716382155773381
0.2616381610850281
0.1915292528284108
0.0593591294756646
0.0607212919109191
0.2982286164483702
-0.0459160040376340
-0.3081180705215543
0.2943308168185534
0.1163014888370524
0.2745370676671318
-0.1047453295182261
0.3127965388289915
-0.1808795883836157
0.2652949251813153
-0.2571640595955141
0.0996371686448607
-0.3900215308046344
0.2750705853959728
-0.1840664512423057
0.1882465215977480
0.1914982009865860
-0.0376353377666516
-0.1240811948209519
0.2126062296305819
0.0602661100637303
-0.0400732598380029
-0.2124907867804124
0.2678246702448163
-0.1424386834400081
0.1534135349948816
-0.2516800725514972
0.0887761208504803
0.0761563734582298
-0.2909018750921478
-0.2006345864816123
-0.1661693106666234
-0.0996390824045399
0.1062725726894090
0.0571941577574935
0.3166186273424628
-0.1794034720853628
0.2447409012109227
-0.0586349985537856
-0.2620611079808093
-0.0258602333950131
0.1616736378119917
-0.1865494022606475
0.3173105192032156
-0.1198184821704814
0.2014253736806416
-0.1108976362034516
0.2276569745972949
-0.0355173751945490
0.2330549520704680
-0.0973743530509923
0.2836268952529400
-0.0810355549226881
0.1444289250098985
-0.1693527837278990
0.1043716946583970
-0.2531073506710986
0.1285319984898260
0.0766006203030614
-0.2892584775219974
-0.2168054961513901
-0.1748638655383423
-0.1614638277374999
0.0850065491646325
0.0849326020601723
0.3103551150608702
-0.1643463088352427
0.2872252297054791
-0.1886774632540706
-0.2041176416883967
0.1575849678248610
0.3412788228295035
-0.1452329628307166
-0.2436379509823714
0.3023706466104005
-0.2519196757479518
0.1105421611924478
-0.0640253343304536
-0.2021416344244429
0.0217073962562308
0.1924066857349971
-0.1025388956353349
0.2847998089605663
-0.1920395134007585
0.2576342377337221
-0.2711064089536288
-0.2639056059659410
0.1196363983493370
-0.2588467699996063
-0.2924221700837820
-0.0880359846339407
0.3979420778290293
-0.3590664640956154
0.2279409193567728
-0.1756417371027676
0.2206764317145438
-0.0576563953015620
-0.2637560232070367
0.0165875966683680
-0.2080908089769353
0.0270866506929036
0.1054433809004294
0.0715606610365735
0.0256333466551999
-0.0264272943644020
0.3037216337116585
0.1405207953616688
-0.2262838242088967
0.2837551912381038
-0.3043788926174010
-0.0755080433034835
-0.0513872372778434
-0.2051046570943158
0.0552587208905561
0.2330282799444189
-0.2711992453425550
0.1341377555035556
0.0103758989751775
0.2024237811027709
-0.0653578372152454
0.3830020556095536
0.3286740273250922
0.2411860833188246
-0.2662048277531140
0.0582749005649625
-0.1835663837849265
-0.0824762408291676
-0.1674371914477610
0.3423128125306676
-0.1672779140969416
-0.3205579531475864
0.3011834629383283
-0.2408702049707591
0.0300935746665491
-0.3173499597443299
0.2736672608940754
-0.2748092503508047
0.0355469870448854
-0.2397870714174977
-0.1915395658609853
0.1177631132039588
-0.0902717386551131
-0.1508409515258144
0.0610879668076998
0.0864241298578319
0.2713160099030029
-0.2685753317419109
0.0842492549974427
0.3036345432251272
0.0265100072865949
0.1246657667195847
0.0989919955902124
0.3403754907268293
-0.1553353834312044
0.2814651779202726
-0.1839704338003690
-0.2624548153887736
-0.0995425109705293
0.2806864806210021
-0.2597961656017960
0.0462545873836739
-0.0530665902068344
-0.1810499492676290
-0.0668040081643636
0.0173221496233156
-0.1152262285864918
-0.3573768852914643
0.3191413716049188
-0.1414403759704583
0.1586725037078793
0.2079304223112410
-0.0241468668005310
-0.1632518336941966
0.2361734883830505
0.0621883515236787
-0.0949432551380442
0.2669970986144188
-0.1574434322471816
0.2420773311156228
-0.0692001584357209
0.1794793856679321
-0.4005143170599934
0.2947113965381232
-0.0159141101279913
-0.0543382068882086
-0.3073241655938193
0.0704842452900633
0.0851391401502420
-0.2531657295205201
0.2330357161257359
-0.1359080794541351
0.1426083280126104
-0.2313011267544484
0.0762290601630730
0.1337823583647872
-0.2877043322769003
-0.2051333659472317
-0.1620416146904488
0.2544667822784982
-0.1241644514908868
0.1313670379224571
-0.2960022441891235
0.0899955678672799
0.0969297074792522
-0.3209032499127150
-0.2013986388105260
-0.2101239900809552
-0.1295699621920026
0.1006188871710000
0.0761013145294482
0.3723603694023220
-0.1077702588094796
0.2934343670485465
-0.2415119320193372
0.2386455924843847
-0.4050412362194430
0.2923619520251886
-0.0409549049430554
-0.0160330636811646
-0.2491029440995536
0.0847986161794660
0.1027254439371753
-0.2454864754473807
0.2448337833666503
-0.1782306111428733
0.1623669681631974
-0.2600077554236093
0.1445294972841110
0.0798849796432197
-0.3198451946505086
0.2310509162138374
0.2404311614522507
0.0023506005756047
0.0493532079084700
0.1942705769982931
0.0361200088029683
0.0119079495306884
-0.0153474383360829
0.2948165477029026
0.1740071001357916
-0.2564630911967223
0.3345908214301341
-0.2957618588456540
-0.0766480041737209
-0.0420610396056406
-0.1528588315475310
-0.0799808111213078
-0.2046402396501474
-0.0259352521433585
-0.0780948137260414
0.1431034912558055
-0.1903182043506529
0.0727990786334675
0.0842148519025977
-0.2222171640952132
-0.3528810802266331
-0.0183180148785890
0.2818009034360847
-0.2460042070302833
0.1851398593174880
0.2466418529877818
-0.1404106846849035
-0.0225625137209940
-0.0531563552883115
0.0100971238657087
-0.2251629049409842
0.2766925119731844
-0.1044042136975789
0.3541269087571747
-0.2830815620188932
0.3769133924231975
-0.0712339495053282
0.1372937464043145
-0.0377348966210445
-0.1977554369332185
0.1847541909042333
-0.2461791370556196
0.0774691218132242
0.0697875363639859
-0.1562274765333550
0.0807140185507574
-0.0117267289227265
-0.1184840792979778
-0.2066872143656628
-0.0492303823942269
-0.0585084603174327
0.1192644407682262
-0.1957259722343774
0.0593883128802069
0.0433571362287105
-0.2498322439186806
-0.3765246187155157
-0.0031311265008017
0.3054065890277410
0.0856221436769703
-0.0503326863975030
0.2284788669401670
-0.1429044999657761
0.2687716438096565
-0.0781906019713332
0.1571564157220616
-0.3879127737961136
0.1431229879911881
0.3558268494227003
0.2630866329678843
0.3072836754502113
-0.1145573621799176
-0.0079413086541712
-0.3039996916489124
-0.0617718979947719
-0.1475247946524985
-0.3142337442958369
0.2862013916069676
-0.3036486948699459
0.0538817217905751
-0.2762478953522432
-0.2230370810867656
0.1047126770402704
-0.0924897135646966
-0.1935254573442491
-0.0134553571358344
0.0290976801716205
0.2679043745126390
-0.2924171752277316
0.0816301273761833
0.2895007132603115
-0.3125518859387684
0.2401569426550003
0.0759759827635096
0.2939510298456440
-0.1666554631195211
0.0091214331420549
-0.0369014552116415
-0.3446096514038381
-0.1998298857048507
0.1200821573265015
-0.3833221143160425
-0.1006257778849666
-0.0064578661580603
0.3105191229511196
0.3674723972344323
0.2451814053240167
-0.1464841475977284
-0.0851135467873481
0.0094824353833183
-0.0871598977903006
-0.2773519005502044
-0.2390383145125472
0.0921950284180589
0.1445668295344111
-0.0666824359766102
0.3669450870558009
0.3225593729881816
0.2459636864298838
-0.2980808607844443
0.1125113837002599
-0.1890854825858435
-0.0567403143901646
-0.0586618623460632
-0.2100366930980941
0.2786011630030337
-0.1432880326530688
-0.3041460469700588
0.2947345073090813
-0.2573303357366513
0.0743211665465194
-0.2328563074653494
-0.2506979160554670
0.1063363468520692
-0.0638985514468239
-0.1548795726594645
0.0510204771905851
0.0502920331591077
0.3076853134170485
0.1375199627573253
-0.1642038254126460
0.3007417146859316
-0.1818244014380481
0.1660528657323868
-0.1055073494603660
0.2674077237682168
-0.0055543381547144
0.2070850729114522
-0.0842918150652338
0.2411552353376584
-0.0883547593830102
0.1560925060562983
0.3536550886130867
-0.1187504659373887
-0.3074322111483553
0.2924111379433497
-0.2035823440586595
0.2298213806295287
-0.0906141225534867
-0.2370901667823325
0.0429348607270076
-0.1897050554879190
0.0217308950193901
0.1336909845728639
0.0474587698848171
0.0422334921053976
-0.1905377334108199
0.1176178171575443
-0.0131740571760676
-0.1020209634495249
-0.2058734793808036
-0.1353966488001407
-0.2088044582326116
0.0047431143270597
0.2034380176075828
-0.1007859811065920
0.3070579807677299
-0.1863437963181641
0.2759990749798661
-0.2527421030375641
0.1126173926603606
-0.3595151324252238
0.3353381164600565
-0.1607470122975377
0.1578433318597873
0.2453467596238530
0.0267809257900516
0.2344705734805043
0.1035663340720695
-0.0716461614491387
0.2604807528704153
-0.1454161328734496
0.3088788419958781
-0.0595930177783983
0.1368280257578151
-0.4170143151321465
0.1436877180907817
0.3497035730752569
0.2166724316436205
0.2630406581513836
-0.1471908667885666
-0.0154274695390320
-0.2504059559659671
-0.1114434835924013
-0.0726006511220298
-0.1770476685502120
0.0406038250637199
0.1724643616541630
-0.3048393559270025
0.1097309322716779
0.0002559484327785
0.0429749981922716
-0.0045307582768973
-0.0419816333966065
-0.0452219823655732
-0.2281472859319080
0.2306793799908966
-0.1277240584360871
0.3592571540347352
-0.0470942739551285
-0.0565811637081498
0.1009548329626989
-0.2322988009613816
0.0238334677394102
0.0813157826999846
-0.2265444382029151
-0.3581141427964755
0.0318051253864232
0.3252817851689368
-0.2969319930250228
0.1738448540256496
0.2601784141102931
-0.1625731257801103
0.0967459535927767
-0.2342613025342304
-0.2049589329687664
0.0692420901203852
-0.0817848376588767
-0.3709497938922446
-0.0687709883394015
0.1907053042438127
0.2593308467923974
0.1545434858010808
0.0005394086691506
-0.0425704063590134
0.0139386234231981
0.0644283826173385
0.1896424336332443
0.0308716490284229
-0.3815746716199296
-0.1951238111688105
-0.0467016714184063
-0.2172598829210078
0.0192031532199319
-0.1920377230238522
0.0599598864796853
0.1217193064858561
-0.0120992019505272
0.0024494148445417
-0.1579544532892613
0.0597474746894849
0.0012592507272091
-0.0923021954644138
-0.1536115561327595
-0.0161286893391060
-0.0837083558707640
0.1532934549836679
-0.2428387560961398
0.2777119657337213
-0.1409101160001147
0.3304315845889492
-0.3242018848657728
0.4065299294656144
-0.0983796923630889
0.0983211927793725
-0.0503912137950846
-0.2091959641893539
0.1858545335690029
-0.2068100407915992
0.0827699290920332
-0.0890939290850783
-0.3374539938207730
-0.0702508658475122
0.0963864234830070
-0.2975618451342358
0.1380363047802745
0.1412248764434721
-0.3026743847551987
-0.1893784976027778
-0.2017840491454630
-0.1314174680175214
0.1014184558713289
0.0423771397919143
0.3061391001486209
-0.1158002343969768
0.3121140949275416
-0.2388420003529773
-0.2213065661977676
-0.1206070900313399
0.0654457417744864
-0.1040061858967070
0.4303213027560532
-0.0242797478867881
-0.3244968436823564
0.2996261954874612
-0.1213090566190899
-0.2906489500601934
0.0870182533998043
-0.1934708077280166
-0.3048898067006010
-0.1034458174256891
0.4073121304228538
-0.3479884427987899
0.2385751981251730
-0.2065693021305449
0.1843767078912100
-0.0336703955423486
-0.2174517520348628
0.0505375344549192
-0.2406397698162053
0.0475562732567509
0.1133821488059061
0.0340284222537001
0.0216518627596024
-0.1851361733659301
0.1008221314956724
-0.0140737041818280
-0.1092722063620419
-0.1427234607986709
-0.0639833350159628
-0.0154880931042480
0.2477025143852776
-0.0639569327500460
0.1462026919579831
0.3680007623442801
-0.1714215971824306
-0.2873859474649973
0.2627287488339190
-0.2072752677049219
0.0813861653194695
-0.0858472670435404
-0.1371024542015631
0.0310652820964167
0.1773188256338809
-0.0560985691639034
0.2565984472110905
-0.2086725280096252
-0.1357860080978595
0.1036019495932983
-0.2845828699496113
0.3167378812478918
0.0169230016874219
-0.1375770452779970
-0.0287926560741334
-0.2554254715557476
0.0007800023422037
0.1976012322622149
-0.1379910163805977
0.3175357214797564
-0.1877494858568768
0.1375204416605826
-0.1503961957954912
0.2680737859841894
-0.1570076293413572
0.2829237307663562
-0.1750926415922719
-0.2127532924308124
-0.0895551384704944
0.2452989640967461
-0.2396654088931287
-0.0039415962336529
-0.0264743423247955
-0.1794403240018966
-0.0845943153024449
-0.0156091010739752
-0.0599258766594780
-0.2575525264786980
-0.2318894269637656
0.0744358480553146
-0.0632259610916672
0.0044406510208701
-0.0913984000821186
-0.2719171533419651
-0.2032616339853851
0.0898234436102627
0.1938484746807295
-0.1214867775201808
0.3766812723576438
0.2826126941752404
0.2548271305737047
-0.3086380555730263
0.1120749669610235
-0.1235188827390061
-0.0471776710997560
-0.1942593579526219
0.0261712692490086
-0.1149662889780284
-0.0496188075038573
-0.2838357716890492
0.0109917076999093
0.1958479615178631
-0.1546585609564670
0.3435559569737219
-0.1403006621083613
0.1925153106245773
-0.1170138310644425
0.2264037534759603
-0.0294195400192615
0.1773347698455001
-0.1274833286945486
0.2846596338723623
0.0605840609010432
-0.2042061410872533
-0.3787682813059091
0.0269271479150690
0.3485625422519130
-0.2915276174095521
0.2273254706461633
0.2472764195530235
-0.1563598446425603
0.0987667791401935
-0.2325236611865946
0.2987106268210830
0.0636168990296606
-0.1377137296348567
-0.0673690380969250
-0.2589468777832293
-0.1818244596022256
-0.0329472994743345
-0.0149350618104106
0.1296646171892482
-0.2590524945318833
0.0352173540163668
0.0997440419207016
-0.2126861922430153
-0.3330368113833495
0.0060537211405784
0.3367867590617726
-0.2547580261825448
0.2015448253258805
0.2824452694711611
-0.1477179233506883
0.1569595320633875
0.2626173442892991
0.1567634791716416
0.0006572514307011
-0.0334791857467481
0.0146702463390936
0.0789199605638556
0.2056757021148476
0.0755648381949687
-0.3714804153774326
-0.2139654114887264
0.0305036678175359
-0.2123177602221760
0.0303505776626821
-0.2324723076772482
-0.2161094393918351
0.2463324285911020
0.3249575930493273
-0.1828054509822586
0.0059629494333504
-0.2384587331393939
-0.0191217693805398
-0.2080838104742226
-0.3488534287360472
-0.0333608524367099
0.3194981040391230
0.1927083215297106
-0.0019699221852778
-0.2249666299179301
0.4099411508212865
0.2404113207977223
0.2528107028446706
0.0067385378497699
-0.1827180279959137
0.1522967334833698
0.1768602350424454
0.0199610083828218
-0.1630397162509308
0.1931540484519033
0.1075620839787530
-0.0497775349606825
0.2251271452046123
-0.1465975774756042
0.3072017902519303
-0.1121196610910629
0.1730407230050898
-0.3979442501571822
0.0775042119974158
0.3330056082696637
-0.2651206490328453
0.0868292502395757
0.1005258079228559
-0.1990137768645760
0.2421455135435900
-0.1501545975015341
0.1082113201369477
-0.2915549050671269
0.0749192254692972
0.1032129872193419
-0.3525894206919835
-0.1929971283445375
-0.1679899609047150
-0.1238174944447267
0.1490793928421656
0.1064490820130579
-0.2547401304792143
0.0328714676835243
0.1448243880246317
-0.1358700152136830
0.2854884992324311
-0.1560283969538520
0.1358865372996612
-0.0896109839349737
0.2607397348245364
0.0358559165071497
0.1787738545055105
-0.1160775779699524
0.2891973021409695
-0.1178884037160991
0.1313351248434450
0.3180268825847706
0.3089859087600723
-0.1993442012937470
0.2825777542183110
-0.2929202593567283
0.0767419222237288
-0.4134089530766425
0.2701203523838178
-0.1870598233680456
0.1860794921372393
0.2360878472459113
-0.0322187987813030
-0.1134375821084606
0.1894940545079977
0.1135870078012559
-0.0385594535174726
0.2606687056187875
0.0249432963539974
-0.2294604316607169
0.0243487040575575
0.1185923392546658
0.0123241313756304
0.0323569894661764
-0.1449634330014924
0.0825099263892264
-0.0094205088825224
-0.1390306924652063
-0.1956132930728085
-0.0657552465407340
-0.0767654013448302
0.1527947575853136
-0.2003837333191048
0.0833967776697298
0.0839312445458726
0.0745337606616499
-0.2340053261104765
0.2846877024042809
-0.1556741346368367
0.1029885214225773
-0.2699733453025745
0.1367444096246421
0.0924688128146842
-0.3002362278909622
-0.2247169075130309
-0.1856184446065222
-0.1481936114804215
0.1474592395660903
0.0600031677541501
0.3681419388875801
-0.2853971493984676
-0.1866367962989588
0.1108594964293995
0.1363550485915579
-0.0772885839656560
0.3654654837433727
0.3022971328024895
0.1996736192647226
-0.2314549983189067
0.0935161255339789
-0.1223510363377291
-0.0807398898165306
-0.1840407219724792
0.3513193306003091
-0.1736527836284616
-0.2827970985515005
-0.0520714894898383
-0.3710193702914701
-0.0993451522398842
0.1359331273859523
0.2682184373319269
0.2120787828561732
-0.0408766845210539
-0.0652401390967737
-0.0087110558312962
0.0956348818843387
0.2259033610719580
0.0954052666417652
-0.3754239102200144
-0.2208040111518476
0.0255906157036306
-0.2008375410748093
0.2375391980949556
-0.2996869569644390
0.0764385735226674
-0.3719856944170724
0.2721335016218167
-0.1617167748289525
0.1596301935084982
0.2270266385542499
-0.0361283544987734
-0.1256526679712461
0.2118923430051174
0.1034544647797111
-0.0739703497386910
0.2683927023229936
-0.1185552953842806
0.2957907036290951
0.0110058445497329
0.0311742101955098
0.3100132399964980
-0.2404722492411978
0.0841599959063126
0.2735179885760073
0.0563905096069514
-0.0719025728286062
0.4219063106128244
-0.0102746195775075
-0.3283963657065645
0.3061612348576581
-0.0668350003241376
-0.2925573835545667
0.0954050785074210
-0.1899427458332017
0.2464885049606839
-0.0776530965993969
0.3642212948570051
-0.3054348478897194
0.3758207356262291
-0.0436579123796238
0.1108047694132700
-0.0771755313515881
-0.2474074787362665
0.1866857372653214
-0.2018607413342687
0.0755182733059310
-0.0668818967321205
-0.3474512017097283
-0.0666709849314406
0.1929638051458311
-0.0526860772033897
-0.2804418858968094
-0.0287432085648218
-0.2052522564016274
-0.3778901343510698
-0.0668811845173106
0.3168109996868161
0.2266159415555897
0.0260643309280867
-0.2565434518218979
0.4093668325315644
0.2428728558213790
0.2478544274208222
0.0353996101132126
0.0649039290109708
0.2226099202581360
-0.3163364441940008
-0.0404090262886332
0.4054905443920248
-0.3999000941321249
0.2720738221612602
-0.1933546427928810
0.1843828277762523
-0.0524308393046520
-0.2318617349781071
0.0322243151294789
-0.2304226758933000
0.0631631102643569
0.0782009258609182
0.0165311020732483
0.0408051937129477
-0.1489739741001619
0.3021199675038519
-0.1137522879904025
-0.2826216899982601
0.2365069215263376
0.1150711745508824
0.2347377009709047
-0.1871744659177315
0.0323249782123510
0.0145404223702635
-0.3756071885493658
-0.2201599202997666
0.1027283178342765
-0.4200906810165409
-0.0685823910022778
0.0064875454014991
0.2557042425576748
0.1678691908578451
-0.0505110012285831
-0.0875064857232973
0.0086389632519280
0.0695314356130203
0.2356612281287933
0.0690279419718061
-0.3861293784566878
-0.1744882188252639
0.0814466679440231
-0.2458977622257512
0.0793539473098562
-0.2520653242612816
-0.2248827881627783
0.2736847131887307
0.2281992281333292
0.1791080116105868
0.0573423277051386
-0.3623149302327223
-0.1958579112658899
0.0877794510192832
-0.1987437844323494
0.0829611209180421
-0.2233389285631762
-0.2259684131731298
0.2622467624896595
0.1932442013666235
0.0601486539581846
0.0405433732363573
0.2916210408068057
-0.0706908783783476
-0.3121742561796885
-0.2788098253408148
-0.0759947679591959
-0.0365298778549615
-0.1313571406426077
0.0577329764626039
0.1873463561408477
-0.2949564961561147
0.1252244463528476
-0.0007606585370338
0.0413589052143035
-0.0087639554213731
-0.0329274523337318
-0.0014232714233768
-0.2108318133653438
0.2213782509980687
-0.1384116126719748
-0.2334864495006023
0.0831925814419482
0.0810105265773290
-0.2906758086056996
-0.2088621534915898
-0.1927731565899234
-0.1488606019303206
0.1193470474901565
0.0480163234097849
0.3468031372867474
-0.1533087129595737
0.2717744037990311
-0.1899194331470748
-0.2402822200475233
-0.1179235976526720
0.2206968639649459
0.4044018242125158
-0.0998077683644291
0.1397090747804421
-0.0684455527243552
-0.2155238269333837
0.2094893350382521
-0.2103641586175837
0.0894844117339755
-0.0491143029897983
-0.3050968729978689
-0.0666459348350793
0.1870229173662459
0.2967380147832461
0.1564214332789553
-0.0571999011336949
-0.0766120608693417
-0.0226468864748444
-0.3000154701634637
0.2864419621502275
-0.0759839696712540
-0.2724750079792593
0.1242928279023793
-0.2045107848698949
-0.2787222158482062
-0.0650116587590102
0.3940615187325632
-0.3465593514368162
0.2999944465542821
-0.2312846993149578
0.1751066724880931
-0.0286237139080509
-0.2249332130868217
0.0859287993222406
0.1394030111625529
-0.3487290634205122
-0.2242034786118748
-0.2165706412198339
-0.0865676707276678
0.1251887918401304
0.1155350852089367
0.3051404152516589
-0.1512739981773004
0.3040822153682602
-0.2465549732329210
-0.2423439771283735
-0.1181757673371333
0.2752693867126883
-0.2942272748893627
-0.0259086207855532
0.1795894410699324
-0.0885711259610447
0.2742700586304739
-0.0816163394101349
0.0966737400835602
0.3334610113756021
-0.1693309363217481
-0.2771625899799357
0.2469129775573849
-0.2597016627537377
0.1436625743602111
-0.1023692435543325
-0.2056788918644397
-0.0134593879228140
0.1859807086996614
-0.2665726548260707
0.2948548590814755
0.0578775107846060
-0.1321606583238601
-0.0617453832699710
-0.2939492676318344
-0.0206912231361479
0.1673158884155682
-0.1413849218420357
0.3193436466755331
-0.1542750574711418
0.1667774221598607
-0.1042449075985766
0.2437948032432768
-0.0127298252637901
0.2233989663290900
0.1415373695115678
0.3593345704972969
0.2300594371755517
0.2920858055924264
-0.1752562621998146
-0.0476445128485148
-0.3040012643422388
-0.0264224136760211
-0.2682075641298325
-0.3199871464066495
-0.0673496858704334
0.3249950690961057
0.2337969987622392
0.0520761477950625
-0.2875628226461260
0.3965222986809023
0.2981503224238541
-0.2393587804797376
0.0576118959208070
0.2883488319735052
0.0353538984943449
-0.1152435970795423
0.3974190769300133
0.0016441939433562
-0.2865932360812380
0.2978114829955300
-0.1212470029414091
-0.3162746462626757
0.1334254824357681
-0.2045862919259969
-0.2804431850713909
-0.0852110187100916
0.0875644475491665
0.0256253323988774
-0.0489124382785887
0.0047095810303617
-0.2544809314316734
0.2502028136418946
-0.1438484996625025
0.3240201582059452
-0.3168591781142528
0.4050576803995858
-0.0913402311231488
0.1051688499913923
-0.0664340147826574
-0.2047142689733920
0.1881495471112307
-0.1939797773431570
0.0387674588469982
0.2391385108782458
-0.0987955067247059
0.2667166217826370
-0.2261765034884101
0.2074180930957951
-0.3052967547299594
0.1225659418630833
-0.3590218005084924
0.2818643473556793
-0.1295451126190287
0.1396551330291442
0.2324971068441266
0.0202006507785190
-0.1336567483418361
0.2310444493698535
-0.0004027411583245
-0.0243230124687007
-0.2005131148884561
0.2711966929094303
-0.0890397335060076
0.3262371751607769
-0.2871943668467134
0.3919272548884018
-0.1086209567277221
0.1146269767665674
-0.0912672082499766
-0.2194319996566892
0.2152437070595500
-0.2425132136724317
0.0818059202279824
-0.0608610300403885
0.0727951541188729
-0.1032382709041837
-0.1827161740790959
0.0358271836801934
0.0237069650571626
0.3052895173029047
-0.2838512669257789
0.0865470289665387
0.2943040355985461
0.0059464885772744
-0.0868531068828019
0.3636121715000089
-0.0026363715477016
-0.3503323926336280
0.3069597696222088
-0.1024654104719303
0.0504705262984038
-0.2632865939389207
0.2719249945260033
-0.1757298462682556
0.0968664198136119
-0.2566592506113489
0.1082780982011133
0.0856405212604962
-0.2867619609375871
-0.2020127621588949
-0.1859344537309655
-0.0826796364264532
0.1455460212532994
0.0811630816211242
0.3133029338786272
-0.1714560943692383
-0.2914389964089559
0.0619196071734641
-0.3957866204090907
0.2634480217733879
-0.1127712982752506
0.1758073785297584
0.2181552228663708
0.0185579105983383
-0.0983633041717864
0.1973899286757283
0.1134798530113762
-0.0999340390465273
0.2865244835124727
-0.1203118201241677
0.2930237869423781
-0.0916594509222485
0.2175902552528229
0.0737389808223423
0.0341114544780211
-0.0082515602753380
0.2877695514131452
0.2108168822527439
-0.2798022633948388
0.3286900682762016
-0.2488110587394534
-0.0796664975160006
-0.0287735016785848
-0.1703981005261692
0.0204244808377191
0.1769283433071245
-0.3105978031990906
0.1076041258003428
0.1121093989767697
-0.1256089674360656
-0.0813019399062783
-0.1478771248854940
0.3518305776064239
-0.1414772819173724
-0.2552575752933124
0.3047625238039537
-0.2338968087555744
0.0547211163019936
-0.2912769489874422
-0.2520022882468198
0.1109655435542022
-0.0735783059632797
-0.1535697701452110
0.0564028615482703
0.1570658523140326
0.1760423055144225
-0.0097026187997458
-0.1372133466338057
0.2157309010227625
0.1065363400194778
-0.0704232189153143
0.2276833550440102
-0.1803836088567117
0.2633379083053127
-0.0969680821987291
0.1440130355881296
-0.3651566757447309
0.1353323587036904
0.3753102000620824
0.2372940518270877
-0.2383619272766235
0.0396476489137367
-0.4235382102497608
-0.0483162878902001
0.0385130839629123
0.2675516508772993
0.3676619512516739
0.1931733041806379
-0.3564566261475231
0.2828889853032410
-0.0285465651092289
-0.0391409208959816
-0.3051624044146123
0.0877787054132061
0.0430254457326780
-0.2292721881013568
0.2821397612318145
0.2116403630082384
0.0407378410411419
0.0441116819802619
0.3036836924222609
-0.1057084543620656
-0.2523123140690087
0.2528298796297502
0.0818595730267157
0.2465616156973168
-0.1357620056601961
-0.0096178106375990
0.0076926837514517
-0.3570905549827371
-0.1914883430349019
0.1107704070824835
-0.1353803989592094
-0.1746912450161421
0.0153889443674363
0.2026492905161285
-0.0526460354360603
0.2819731733517945
-0.2399949377600168
0.2129270041508138
-0.2866541875899126
0.0825900492010083
-0.4170669921292487
0.3239344274343363
-0.1307830600566227
0.1913494035240597
0.2252623968386636
0.0181323558239294
0.2483131650728654
0.1002648225420023
-0.0376100334114464
0.2665355518079318
-0.1876830117823615
0.2462048039397093
-0.1122570244948396
0.1515776287231636
-0.3631970121564108
0.0946316804984546
0.3264675006057564
0.1939514910154609
0.2799743617465071
-0.1151906691080982
0.0140370392479863
-0.2589026024166126
-0.1022376393184125
-0.0261096286666434
-0.2042620794933275
0.0120306997978548
0.1966728233969177
-0.2508141431465724
0.0571717853805146
-0.0069765922355123
0.0427158190898972
0.0345645502440534
-0.0356850766838034
-0.0107891849176276
-0.2019987400090762
0.2542145916845540
-0.0875208916773130
0.3427851467103117
-0.0841107363228784
-0.0733736525427181
0.1350152372542919
-0.2429813791444182
0.0443934535578463
0.1113157245666929
-0.2230717937766890
-0.3184222154203067
0.0322986989529312
0.3494160500912561
-0.2696998323610788
0.2173553807742040
0.2902969557751379
-0.1867463820026487
0.1075654486739982
-0.2761551838564228
-0.2330353312705091
0.0712533401046594
-0.0894707432030135
-0.3282878372708911
-0.0964357325362833
0.1622436334215421
0.2671951279313916
0.2165022542884670
-0.0311562189898461
-0.0761352993986172
0.0136496176184272
0.1145001331172987
0.1748645330246434
0.0816502647568613
-0.3908900996841944
-0.1864344981221092
-0.0485791028853140
-0.2568143018704943
0.0151410444507714
-0.1939446950797834
0.0768568537509728
0.1301951188708975
0.0478616975891916
0.0200986321254042
-0.1806655793269827
0.0665953032573922
-0.0249543757359356
-0.1332306326500858
-0.1485893738462308
-0.0210534618431452
-0.0746280366957365
0.1514235018224265
-0.2010914363396121
0.2612710911642654
-0.1442964221311305
0.3098740016068390
-0.2731948813382111
0.3951509383507461
-0.0474914123625207
0.1358618767240996
-0.0539874571349277
-0.2178507742995581
0.2102638298764484
-0.2102496059516066
0.0673161358303504
-0.0339170874760855
-0.3154693209138212
-0.0870403652653017
0.0927838787770215
-0.2324140027476421
0.1345238273008531
0.1259679759594124
-0.2852423848742789
-0.2364402053152942
-0.1962955806870362
-0.1369044666669340
0.0826344618951127
0.0495499299239266
0.3638800973932530
-0.1170020271396551
0.2627541419270835
-0.1931159377669643
-0.2720181890376811
-0.0646440400285412
0.0688238972141428
-0.1336982276410392
0.4191126935241435
0.0405094175339906
-0.3144542063150431
0.2510462866756509
-0.0682458905216055
-0.3150516040352709
0.1223195217644302
-0.2469194909964241
-0.2826521528288465
-0.0896372963662642
0.4146552197775016
-0.3788160127826016
0.2458014745257058
-0.2216157305659018
0.3117121509526873
0.2513890335493526
0.3039039646161694
-0.1531647096867421
-0.0412641401347751
-0.2794988508792259
-0.0514140882593250
-0.2268813420132339
-0.3579713865352244
-0.0728756653032318
0.3401364221461556
0.2232956157958438
-0.0047845213863819
-0.2885906790448108
0.3556920704616180
0.2208658784029001
0.0412019462166987
0.0979758910968598
0.2247332930294674
0.0726486537451924
-0.3995339485457772
-0.1787202868146450
0.0587541367736839
-0.1854835061930976
0.0844708579564986
-0.2488886660790495
-0.2763192686252355
0.2717354056999440
0.2369023884676181
0.0641334201368697
0.0351633827840925
0.2717447729682416
0.0599586988251671
0.2844659195668506
-0.3000341524987757
0.0251621324410779
0.2757865869023283
0.0066172395467408
-0.1095023023892552
0.4039597281675845
0.0275603618170805
-0.2867033082619472
0.2415579813048343
-0.0725598730715682
-0.2501780705928027
0.1240891580340773
-0.1932285559960111
-0.2716665005903552
-0.2000465498512041
0.2444838130067900
-0.2676986662989357
0.1251535708218536
-0.4106024547473664
0.2988760071377453
-0.1347804290928765
0.1772188849616005
0.2329842436808031
-0.0306709432629203
-0.1447523032320944
0.2077744914597727
0.1203470921424616
-0.0946756121289783
0.2873812941849754
-0.1123839690843139
-0.2386233722178839
0.1185322047438766
-0.0686979874784518
-0.1363641960920362
-0.0021294118289905
0.1700308860962658
-0.0588175750279258
0.3016998467410529
-0.2195442832924763
0.2255555420423388
-0.2805196256392343
0.0952759967667632
-0.3647411514165892
0.2702973759908984
-0.1778814159898746
0.1622782666876434
0.2180645951832698
0.0695125225649122
-0.2434283824966762
0.3814435483325678
0.1936113090248688
0.1922002589657427
0.0054417083800749
0.0445986337429621
0.2272217497982265
0.0413275686019009
-0.0147267413341081
-0.0304560073811004
0.3426107136922919
0.1534650090865878
-0.2864950020737970
0.3344247183850532
0.3574541845263233
0.2383607784459867
-0.3716322410511996
0.2687232479074338
-0.0483219298067354
-0.0921590151701626
-0.2563365698779752
0.0893651249398052
0.0408829534820636
-0.2090680099231692
0.2480400811385686
-0.1837808288225809
0.1516234787981173
-0.2406993481590910
0.1118709072899869
0.1462935400452062
-0.2857641448237174
0.2867235465789124
-0.2150825650100626
0.1207164355153930
-0.1398533803580028
-0.2024790451210465
0.0428748308354440
0.2216606732329507
-0.0519775826159744
0.2942411203194540
-0.1959541866425721
0.2548914154103207
-0.2693742219982692
0.1033344419688271
-0.3747980473175589
0.3403388606579472
-0.2554033790669095
0.0212460165328240
-0.1899711946448122
0.0734640085228722
0.1026225686013519
-0.0011783516577107
0.0374413755429972
-0.1653767736153620
0.1089440025372196
-0.0166112713023054
-0.1226619660471210
-0.1700549914305564
-0.0716951840508166
-0.0516900588772237
0.1548112863026820
-0.2320126496054813
0.0566621949602826
-0.0471142525069270
-0.1389049636619676
-0.0141274555973150
-0.0023256092814962
-0.0483060123129163
-0.2625031151232415
-0.1944126073898119
0.0848205581176608
0.1410788718180729
-0.1346456346308424
0.4219337181616969
0.3228974279074923
0.2309213042748818
-0.2355829816525084
0.0793732540485282
-0.2042324132703801
0.0177289574069111
0.1715192085860677
-0.0637632703634641
0.2507984923779969
-0.2482506584954008
0.2739153510343224
-0.2429427484268619
0.0642089566222233
-0.3832397713318670
0.3184649270325731
-0.1726816806421488
0.1722400260344410
0.2005928780656061
-0.0304724270000615
-0.1355569894894979
0.3060014962129740
-0.2387856092272259
-0.2175807530418612
-0.0648095068448034
0.2549842566226724
-0.2598884416054907
-0.0032261982490106
-0.0455822208603220
-0.1969172951584336
-0.0611393338131069
-0.0526583073544226
-0.0490526491703435
-0.2533513423423558
-0.2218637707777618
0.0985719824958740
0.1899251338772855
0.0807013365945307
-0.2288781092731145
-0.2446702661120358
0.0976830785590668
-0.1282143217626571
-0.1624198027320625
-0.0093912258611844
0.0816141872291499
0.2712895775616777
-0.2346327514208534
0.0205464080223191
0.2568418263105192
0.0575368558623516
-0.1317285054671783
0.3854614923427789
-0.0325623993888777
0.1455928400103936
0.0331651412720019
0.0747545076209251
-0.1844388838922469
0.0774251485335413
-0.0015796314231269
-0.1408173323538828
-0.1969916263587752
-0.0231985684663338
-0.0202460506198955
0.1080768692157313
-0.2021126257085181
0.0329789951858679
0.0985791743563865
-0.1973215060527219
-0.3506351123165311
-0.2631082543418333
-0.0928638948570047
0.2309797708035886
-0.2735023899069070
0.0108838380373578
-0.0239791521568166
-0.1469023781769797
-0.0536734441609330
-0.0456403266417552
-0.1131168056156501
-0.2856932594672926
-0.2235368675205885
0.0639242827197604
0.1961612291514918
-0.0632254453162940
0.4182700059304544
-0.1232393815352089
-0.1787410817967157
-0.0002667010250222
0.0839180244101564
0.2725052376929519
-0.2871376547917022
0.0447809780070608
0.2848280118299696
-0.0035167347456442
-0.0874848990330924
0.3837889825047474
0.0007032067135730
-0.3399906753018160
0.2822456599066870
-0.1196937522744403
-0.2568513772930385
0.2628227981836428
0.1940412815361464
-0.0490899787743417
-0.0525912125552862
0.0524836522229750
0.0943059377972992
0.2425795382063951
0.0960023787267393
-0.3678962372353313
-0.1882154823461927
0.0640883493752669
-0.2101885538401237
0.0208581597861622
-0.2368235634302185
-0.2664090645387173
0.2597117848300004
0.2617934150256188
-0.1174816419495330
-0.0087389962744759
-0.2716234821818084
-0.0101021384690345
-0.2024960598590753
-0.3824128304982656
-0.0428520658399638
0.2872821584398819
0.2465414500570455
0.0597578622139239
-0.2435797559017562
0.3917237401705828
0.2319736101980895
0.2264141068384942
0.0024990044580173
-0.1467545037168052
0.1344080680227507
0.2250385187317130
-0.0305362328907777
-0.1270895535358120
0.1936662743492171
0.0791682293085958
-0.0900645829403272
0.2853762982566898
-0.1651393829310691
0.2622883477670592
-0.0951559320477551
0.1869928789325536
-0.4184542174363750
0.1279271479098188
0.3366829302141622
-0.2647472208009887
0.1263019673294273
0.0956941792212136
-0.2161023282160923
0.2607404945185133
-0.1429405354660325
0.1244925481426639
-0.2580845221823788
0.1182781082985577
0.1397257628709860
-0.2913705624502171
-0.2488771744673853
-0.2088464689582377
-0.0980881729470846
0.1425118298980230
0.0731266098505571
-0.2941207610723704
-0.0218866804817858
0.1674008595530808
-0.1317948193856651
0.3494471415919912
-0.1486330889101047
0.1322269996721653
-0.1452033209657497
0.2872883825433969
0.0116645213067074
0.2314474322920874
-0.1050599633122096
0.2815215872316261
-0.0728431151047115
0.1296247721636666
0.3512543212706559
0.2907829840396621
-0.2422111036809995
0.2424865063753281
-0.2933936820175409
0.0959465448041878
-0.3869890411472734
0.2758463916117747
-0.1258474395909298
0.1683479799921030
0.2118572643459552
-0.0411075604862189
-0.1714570751404866
0.2269337406402739
0.0599737669859271
-0.0721210078415627
0.2722723391426626
0.0304065724056139
-0.2118868484949000
0.0716196464516414
0.0960209029435791
-0.0119237816043424
0.0362408701544957
-0.1483067244866667
0.0586824325905283
-0.0134979189015235
-0.0850215111515849
-0.1617590467085268
-0.0642145598643278
-0.0825193967271318
0.1182966313102763
-0.2546253427223300
0.0538585399387431
0.1374913615599143
0.0595134541232724
-0.2266937984652334
0.2256643732877160
-0.1525465645073651
0.1515680827144805
-0.2291866059571457
0.1242811185129488
0.0834058444972983
-0.3465516921536473
-0.1942140481281718
-0.1720871193129191
-0.1067224509005820
0.1360973690640614
0.0988087935777591
0.3588080966430064
-0.2363428757936051
-0.2431687265355305
0.1070285987872516
0.1362207813232454
-0.0979731380969041
0.3624976075625448
0.3326010895248875
0.2273992793767380
-0.2277383168191309
0.0669367081774349
-0.1638851393572655
-0.0246762265405950
-0.2098181854303135
0.3212203191211283
-0.1690242301047058
-0.2569348176361608
-0.0275577780106998
-0.3017148801480647
-0.0732199280705438
0.1563210501949892
0.3074148269256546
0.2216648123347305
-0.0276841442599015
-0.0622562330582016
0.0549447813759857
0.0776210448167763
0.1937242690815637
0.0418516091008384
-0.4089296936151551
-0.1800468370500431
0.0728628867276898
-0.2173685584199070
0.2695761726839597
-0.2359145625635370
0.0973683777078136
-0.4184972614593575
0.2793950810105962
-0.1332620848209494
0.1732099854698521
0.2275040004970819
-0.0001698733014039
-0.1111859326529425
0.2303079731583739
0.0861946139529109
-0.0626327241811587
0.2701723478455035
-0.1136325388799920
0.3141356885773170
-0.0032839627093011
0.0763450923156773
0.3130504416607156
-0.2349872110405825
0.0638748883519107
0.2851988140213405
0.0692076787067452
-0.0732738112472109
0.3845840198828901
-0.0085189006774419
-0.2945099032388455
0.3061576579632072
-0.1057869471441126
-0.2933587889546680
0.1388937286568970
-0.2493611893748257
0.2201650879146770
-0.1203784172823765
0.3244130223263616
-0.2629324917498291
0.3499414811881427
-0.0543924574530643
0.1703446544005435
-0.0676049917682142
-0.2516728864595626
0.2313129719587527
-0.2358203665197299
0.0602846945753629
-0.1037345960948710
-0.3475207296570103
-0.0830353164408969
0.1964300900249738
-0.0191226364556982
-0.3061443027929817
0.0051781931730187
-0.2312905042958207
-0.3122930539668801
-0.1003828295522390
0.3172495024704601
0.2418103078984452
-0.0005948680748585
-0.2659893486275717
0.3536907108974642
0.2531560772230481
0.1871671859642642
-0.0061002490218227
0.0589346535863636
0.2329200598554320
-0.2583056647214789
-0.0309262536006857
0.3954298590272270
-0.3472864659641591
0.2984493549345830
-0.1823813428025511
0.2031777456402035
-0.0618403943585790
-0.1945206922139134
0.0916400861619622
-0.2263425653289984
0.0445839195699931
0.1448387301931105
-0.0015578537985611
0.0375775776895596
-0.1894110728746006
-0.0117886812567205
0.0613634793882903
-0.1300779924893851
0.0932426354950491
-0.0127434092086418
-0.0795142410026419
-0.2045102462334182
-0.0511897518355218
-0.0783326391058505
0.1247231188775761
-0.2354727144886143
0.0920811544982691
0.0730289798032431
-0.2388800340280595
-0.3555197473131181
0.0170358391343508
-0.2910918137315805
0.1879270020563166
0.2379985780556658
-0.1521427911691946
0.0934888611534753
-0.2303452945039137
0.3217344665685137
0.0350930749660378
-0.0796603173737504
-0.0216329651567422
-0.3055256695567575
0.0217811810498524
0.1387193979970137
-0.1435300563805256
0.3461032546079772
-0.1442293133576510
0.3697437389906883
-0.3845902979034463
0.2922088214656631
-0.2247734165968296
0.2474742169562686
-0.0255730040869179
-0.2121396866932067
0.0607202981134584
-0.2150671236310225
0.0585995604604742
0.0803005229376156
0.0065256920885743
0.0294864168219685
-0.1666034786402596
0.0957113528493363
-0.0248819828539941
0.2606720656313287
0.0902502419850056
0.2724274128239557
-0.1159891581523953
0.0426496541593923
-0.0405441612329450
-0.3677580642008652
-0.1919538937287774
0.0960818572795710
-0.3933307482161176
-0.0868138101013478
0.0162642130107687
0.2909913574260163
0.3625725269747399
0.1990568606510671
-0.3953178866577264
0.0362366108491921
-0.0534449436475713
0.2868275628002679
0.1992380695489991
-0.2373403447283779
0.2957694691354371
-0.2994829482245086
-0.0944800833440320
-0.0698948870949486
-0.1682578475392540
0.0048348467913755
0.1966898080541972
-0.2467079663269796
0.0928816190996677
-0.0478942547661489
0.0158307758084500
-0.0224093984724875
-0.3113450739762824
0.1102347231938677
0.0662948225823970
-0.2066792400194200
0.2395423258468107
-0.1428074441144468
0.1478409541841023
-0.2477481361284175
0.1510242446696648
0.1238154932579865
-0.2926473093228467
-0.2053989403736203
-0.2126785434752204
-0.1538125598348915
0.1079535010504332
-0.1545730407245907
0.2792795518016296
0.0113341710532833
0.2334708120222411
-0.1048752749976508
0.2736198496451113
-0.0734687998918269
0.1297417055191955
0.3494663973120596
-0.1332462871807329
-0.2431865576275780
0.2979834480122431
-0.2664597939977164
0.0871143207730979
-0.0814813505564820
-0.1557198845403708
0.0910273426533718
-0.2027316329672969
0.0273088876536774
0.0745004054714941
-0.2589537894461222
-0.3223615658177365
-0.0038794714275401
0.3633363988261118
-0.2966086348886623
0.1988674160300033
0.3033962425142480
-0.1876045460576551
0.1239569505071623
-0.2806413320216754
0.3236399476888204
0.0036430656012791
-0.0630834299928721
-0.1951393103480380
0.0500553434964309
0.2223200909538774
-0.2706047228488746
0.0640504902942576
-0.0279517422269832
0.0189418565362381
0.0228534895504409
-0.0477432588165986
-0.0243688028315132
-0.2116101875258728
0.2511675963606005
-0.1384467939312530
0.2955458662225202
-0.3193274958709023
-0.1599123976358869
0.1585550666568307
-0.0888439537989195
0.2305505459159559
-0.0083056928123638
0.1926459258211617
-0.1380243972199149
0.2700489684454737
-0.0520936850228333
0.1356870090069349
0.3289540101214313
-0.1452739740575458
-0.2586156961591332
0.2397157555990446
-0.2542172780375553
0.1400018090592937
0.4102828607523135
0.3248351713338703
0.2197750231826041
-0.2676904101793861
0.0705288027434072
-0.1942644698691284
-0.0967657653280042
-0.1806714160575293
0.2872429016266340
-0.1073242717343005
-0.2696734966361345
0.2981379151726201
-0.2524827239386098
0.0802104882971195
-0.2838723684992659
-0.1920728012782060
-0.2074866295395305
0.1050214688684752
-0.0942670126387586
-0.1459027253215048
0.0409637340272966
0.0388606156446883
0.2812728683864504
-0.2533327847849332
0.0901945638631670
0.2926974792904915
0.0039461859680201
-0.1386123116120272
0.4197193569948546
0.0167335007216752
-0.3235537060577665
0.2514263976663486
0.0677406572299358
-0.2536332231251898
0.3554595967170093
0.2502426158961785
0.1926175589696765
0.0408495228108773
0.0129568411197705
0.2026128559071865
0.0531230646573585
0.0447357990153768
-0.0374366908280654
0.2940254094473608
0.1793248613727628
-0.2260845684148160
0.2834333397366228
-0.2505579412248813
-0.3723232394690188
-0.1554561716296681
0.0400413320309501
-0.2379233993626496
0.0330927815656261
-0.2539703944603789
-0.2709156746061608
0.2719714593120429
0.2517469734616661
0.0486950655111067
0.0780692513395999
0.2495711606101509
-0.0524296401879849
-0.2506802908290989
0.2611529077848793
0.0960906674817488
0.0077959286471985
-0.0538320262120295
-0.2443113830895038
0.1401942998846818
0.1038227737002143
-0.2177376534893274
0.2637398639630336
-0.1472493334415885
0.0897175791905332
-0.2655030421146489
0.1016809381470450
0.1215044407647041
-0.3096871936085670
-0.2533412218194619
-0.1550565524055569
-0.1091114942639699
-0.0212489383803395
-0.2386033944963282
0.2279021291896118
-0.0917141748136857
0.3153732363510591
-0.2752569697850217
0.3519838661710336
-0.0538579039935014
0.1615350561396641
-0.0906635900346052
-0.2028255323289875
0.1884982944482155
-0.2054667808963616
0.0283589998089259
-0.0301934374824793
-0.3491646937090973
-0.0588340255900263
-0.0153126665644837
0.0089452015936163
0.1256500279040872
0.1765663722612458
0.0633588431836076
-0.3601825135423217
-0.2205196788901178
0.0580943268795452
-0.2543171996833833
0.0819923322016298
-0.2530451274357396
-0.2696939009443943
0.2762158326890951
0.2375825112275336
0.0329908784163840
0.3494900290778952
-0.3209444367761617
0.3914352021654521
-0.0859247816766501
0.0994697401640570
-0.0837150468667684
-0.2143158257292386
0.1816522497588659
-0.2207440196118242
0.0535672972733666
-0.0492478929022845
-0.3701172405845073
-0.0662975284375082
0.1524949857725194
0.2981589895660263
0.1802917923893034
0.1933647513313126
0.0141248249307990
-0.1481986782503425
0.2433159249087021
0.0698797876317795
-0.0432547054872961
0.2883537835122912
-0.1836295794688776
0.3053718445249510
-0.1161289975462527
0.1593134038559419
-0.4227928093025942
0.1361463353083386
0.3413794840754325
0.2628433672772972
0.2578407749912464
-0.1110532091344567
0.2269500096693138
-0.2678870035831907
0.0127185183496087
-0.0480095002353251
-0.1425773203821870
-0.0363956810387973
-0.0298892806766444
-0.0443599532327995
-0.2538749604764223
-0.2149904405645525
0.0468350197546324
0.1492114179637029
-0.1133664736325437
0.3909000788810195
0.3167905095438445
-0.0655497408206500
-0.2707928346640119
-0.3378084701483824
-0.0960936510064865
0.3057342777444717
0.2255383862203786
0.0453778388366459
-0.2325789721848912
0.3406795643164885
0.2528237504819596
0.2598907454820855
0.0384609122216080
0.0605417379476810
0.2046412736347383
0.0992077243472566
0.0235220502682513
0.2164489722804508
-0.2437811030287080
0.0653777882540351
-0.2000709632479257
-0.0364056200142876
-0.1656652541156676
0.3192835282751454
-0.1710166781908573
-0.2905940721424827
0.2700764594978821
-0.2713379565874802
0.0493014612286146
-0.2658246083712272
-0.1983184139973936
0.0835117501324270
-0.1180976912713638
-0.2175935652062253
0.2630882785835474
0.2586711137506372
0.0696549512613567
0.0780722924865987
0.2965058207195327
-0.1091082088488998
-0.3123132403628489
0.2402738760105290
0.0758816820758309
0.2941209171372102
-0.1667305343357839
0.0091410686601257
-0.0367114170143796
-0.3451326358646979
-0.1996340237024771
0.0183463397353599
0.2239316446722850
0.0334509041598421
-0.0091984959683666
-0.0046414629766226
0.3458445153058112
0.1522243451521333
-0.2403548239120121
0.3257394988017042
-0.2869467605028397
-0.0819342763531448
-0.0542835145080230
-0.1957940848528856
0.0054232346598339
0.2137394455935686
-0.2966086524368669
0.1739547656327718
-0.0938662694947603
0.2993014195143927
-0.0653991041840334
0.1530241928125512
0.3422591521950085
-0.1197165076675997
-0.2741269516395521
0.2299575275829876
-0.2811564875939671
0.1388963195755074
-0.0784265481746037
-0.1572757272358756
0.0509631344122044
0.1827931559726688
-0.0904254334196425
-0.3827902486138105
0.2645865673968689
-0.1866293148770148
0.2214466542067106
-0.0176911997106580
-0.2189377352520423
0.0786298432045677
-0.2115157750816405
0.0171100410228600
0.0867803221653123
0.0013900770631028
0.0297637383781798
-0.1413096146281813
0.0707628615632976
-0.0022794638676138
-0.1329220318407235
0.3013092648387626
-0.2965901064445631
0.2202733881471682
0.2980053459861938
-0.1518485356497209
0.1224015096270499
-0.2550585944268129
0.3369345207575831
0.0150478773663133
-0.1053839697600255
-0.0274792198954678
-0.2678768885593896
0.0176993206903855
0.1388819181130659
-0.1686941895958392
0.3039879462420549
-0.1992311543083897
0.0944202971126890
-0.2587126064006859
0.0766647374550362
-0.1919226448200302
-0.2323030011613421
0.2296861300635615
0.2385029931366669
0.0422169597570707
0.0571169628631224
0.2443137358224271
-0.0836617416625418
-0.2946006637790246
0.3006877792868174
0.0717946974382651
0.2422464445328315
-0.1077925090226171
0.2790244662016612
-0.2256615829406630
0.2601990282695922
-0.2569683564228504
0.0662390396370117
-0.3602305807029235
0.3076026833882542
-0.1443921843181216
0.1361649375042444
0.1760689131576212
0.0030907153640116
-0.1573274062390571
0.2067776043012058
0.1031113383157964
-0.0472955681906411
-0.2037236131577852
0.2727739540304799
-0.1766648496749622
0.1437655542243481
-0.2839161690564335
0.1426382212384021
0.1378861242319614
-0.3095294870062674
-0.2185873555184317
-0.1750595687110059
-0.1258485756102488
0.1021877927024216
0.0327043139037262
0.3560069219097947
-0.1626388136775003
0.2434976171287208
-0.0863212989866499
-0.2883245792851812
0.0169312048080742
0.1466814668788022
-0.1903015013197852
0.3458183100791222
-0.1343396056221482
0.1604108360421507
-0.1489025534751677
0.2517544001525946
-0.0392163672733840
0.2123265778818071
-0.1203055940402488
0.2531541794822558
-0.0608642755828067
0.1237132974954940
-0.1280237430800996
0.1491538916793362
-0.2474646056269473
0.1488109075623978
0.0896781995089476
-0.3335978633913731
-0.2456318749763411
-0.2150466309930927
-0.1594786407743212
0.1490059611352235
0.1021695795657698
0.3134671954190321
-0.1303163611605772
0.2477884743284897
-0.1834460608868489
-0.2135517059892254
0.0881161812468547
0.3415068424085668
-0.1750572578808465
-0.2416244392191293
0.2799748770135234
-0.2421444422159820
0.1369518115371586
-0.0719063806980038
-0.2061759284189983
0.0497074693249441
0.1830519455795656
-0.0563107363777544
0.3049839675877962
-0.2034548284950217
0.2597074011391691
-0.2627685522334307

