1.45029609330184
1.44302120516337
1.43467433297422
1.42538528275438
1.41532864633790
1.40472076179242
1.39381637458013
1.38290487915855
1.37230595824627
1.36236437450134
1.35344360688631
1.34591796151611
1.34016272431165
1.33654186030446
1.33539270196414
1.33700700644238
1.41079047552655
1.40394760987749
1.39606663277259
1.38725215832974
1.37765287400972
1.36745900210930
1.35689956199401
1.34623932395427
1.33577528325009
1.32583242058548
1.31675845293459
1.30891721631751
1.30268025980440
1.29841616770333
1.29647706456742
1.29718169533309
1.37496170268093
1.36834171033196
1.36071154789034
1.35215198937258
1.34278733899987
1.33278338694675
1.32234525994451
1.31171506880899
1.30116919279759
1.29101497853040
1.28158656904528
1.27323951638650
1.26634376896180
1.26127456273283
1.25840068313859
1.25806950235463
1.34301380921831
1.33641320333085
1.32882386402838
1.32030433750985
1.31095638412451
1.30092342628567
1.29038897953762
1.27957498003132
1.26873985965287
1.25817615803403
1.24820739866188
1.23918389428944
1.23147708483772
1.22547194896421
1.22155686735219
1.22010634931269
1.31504702895246
1.30827474264862
1.30052874514503
1.29184722979842
1.28231157124443
1.27204526811390
1.26121295145020
1.25001938326849
1.23870830784121
1.22756095643215
1.21689394434455
1.20705623728657
1.19842479710380
1.19139700257524
1.18637423647513
1.18374245239064
1.29106704954042
1.28395155020553
1.27587180640744
1.26684780319768
1.25694301173201
1.24626383415460
1.23495919104632
1.22322018706357
1.21127972869166
1.19941190632900
1.18793089053384
1.17718829645017
1.16756480363900
1.15945907185226
1.15327537239002
1.14940750650065
1.27100163921859
1.26339841354287
1.25483658795520
1.24532036483258
1.23489812817258
1.22366240273860
1.21175002701357
1.19934248677404
1.18666629058279
1.17399244742124
1.16163239946125
1.14993292478149
1.13927005178970
1.13004057000044
1.12265050921414
1.11749991769035
1.25472553125990
1.24652496578914
1.23737033654469
1.22725278614719
1.21620877658603
1.20432057944680
1.19171696115627
1.17857282286623
1.16510763098940
1.15158388038685
1.13830465878904
1.12560986202959
1.11387061974607
1.10348139097166
1.09484912315160
1.08837880446901
1.24209447801548
1.23323017070459
1.22341902853397
1.21264213696868
1.20092696596232
1.18834709053012
1.17502185069486
1.16111594354462
1.14683875570526
1.13244317276846
1.11822353148679
1.10451231119900
1.09167509299264
1.08010324853568
1.07020375532498
1.06238547129619
1.23298889987012
1.22344563533342
1.21296931166391
1.20153168268627
1.18915008135613
1.17588725918318
1.16185130127447
1.14719550360656
1.13211802548049
1.11686105783816
1.10170917723611
1.08698648577011
1.07305206913375
1.06029323826495
1.04911595469622
1.03993177576758
1.22734164034619
1.21715527373190
1.20605635850272
1.19400559131219
1.18100842795626
1.16711516423898
1.15242111148404
1.13706675790140
1.12123773320904
1.10516432148097
1.08912019615581
1.07341998148328
1.05841517642245
1.04448791012148
1.03204193261711
1.02149018028070
1.22510534854758
1.21435705941955
1.20272238898945
1.19014911984298
1.17662904798684
1.16219831992712
1.14693787634996
1.13097389836797
1.11447807833293
1.09766746463221
1.08080355869554
1.06419027262786
1.04817028746617
1.03311928502052
1.01943746061346
1.00753765976695
1.22621590173066
1.21502554572607
1.20298009591547
1.19001256441356
1.17609928259432
1.16126051125596
1.14556116220907
1.12911153215981
1.11206787564328
1.09463257102461
1.07705356224111
1.05962268899316
1.04267244952041
1.02657067290731
1.01171251206293
0.99850910409982
1.23056622420674
1.21908541415234
1.20678594660594
1.19358423218714
1.17943933329568
1.16435386640648
1.14837501340720
1.13159554791290
1.11415470822125
1.09623867568031
1.07808034574262
1.05995800885953
1.04219248964489
1.02514222539014
1.00919569906016
0.99476057732489
1.23798810176923
1.22639318549563
1.21402170581059
1.20077169331478
1.18658316247967
1.17143932735166
1.15536791665082
1.13844249941525
1.12078365791692
1.10255977152978
1.08398710357785
1.06532881291815
1.04689244313333
1.02902537470898
1.01210765946279
0.99654159176506
1.24824122150969
1.23672622054619
1.22448331218560
1.21139045040888
1.19736687531369
1.18237466580839
1.16642037471919
1.14955666283208
1.13188377381193
1.11355061874188
1.09475516721943
1.07574377151827
1.05680898129136
1.03828533863631
1.02054257708279
1.00397558317963

